 2 
 5.531005859375 
 6.0491943359375 
 6.54937744140625 
 7.02728271484375 
 7.4615478515625 
 7.8765869140625 
 8.26446533203125 
 8.61785888671875 
 8.92669677734375 
 9.20440673828125 
 9.454345703125 
 9.658203125 
 9.81719970703125 
 9.95849609375 
 10 
 10 
 10 
 10 
 10 
 9.88555908203125 
 9.7442626953125 
 9.55047607421875 
 9.312744140625 
 9.05426025390625 
 8.75640869140625 
 8.42681884765625 
 8.05084228515625 
 7.6513671875 
 7.2235107421875 
 6.759033203125 
 6.27960205078125 
 5.76629638671875 
 5.22918701171875 
 4.6856689453125 
 4.10430908203125 
 3.5064697265625 
 2.9052734375 
 2.28851318359375 
 1.67083740234375 
 1.03302001953125 
 .3936767578125 
-.23712158203125 
-.87432861328125 
-1.51397705078125 
-2.15087890625 
-2.767333984375 
-3.3673095703125 
-3.96392822265625 
-4.5440673828125 
-5.09918212890625 
-5.6427001953125 
-6.1602783203125 
-6.6571044921875 
-7.130126953125 
-7.56195068359375 
-7.9779052734375 
-8.35693359375 
-8.70880126953125 
-9.01885986328125 
-9.29107666015625 
-9.53521728515625 
-9.73724365234375 
-9.898681640625 
-9.99969482421875 
-9.99969482421875 
-9.99969482421875 
-9.99969482421875 
-9.99969482421875 
-9.99969482421875 
-9.9603271484375 
-9.82269287109375 
-9.62646484375 
-9.3927001953125 
-9.1363525390625 
-8.843994140625 
-8.5174560546875 
-8.14605712890625 
-7.75054931640625 
-7.32391357421875 
-6.86492919921875 
-6.3885498046875 
-5.87188720703125 
-5.3436279296875 
-4.7979736328125 
-4.22088623046875 
-3.62579345703125 
-3.03009033203125 
-2.41058349609375 
-1.79595947265625 
-1.15936279296875 
-.5230712890625 
 .1104736328125 
 .74676513671875 
 1.385498046875 
 2.02484130859375 
 2.64434814453125 
 3.2415771484375 
 3.84307861328125 
 4.4232177734375 
 4.9835205078125 
 5.52978515625 
 6.04827880859375 
 6.5484619140625 
 7.0245361328125 
 7.45941162109375 
 7.8778076171875 
 8.26141357421875 
 8.61572265625 
 8.927001953125 
 9.20501708984375 
 9.4549560546875 
 9.65850830078125 
 9.81658935546875 
 9.9560546875 
 10 
 10 
 10 
 10 
 10 
 9.8834228515625 
 9.74517822265625 
 9.54864501953125 
 9.3145751953125 
 9.0545654296875 
 8.75457763671875 
 8.42620849609375 
 8.04962158203125 
 7.6519775390625 
 7.22412109375 
 6.76025390625 
 6.280517578125 
 5.76690673828125 
 5.22857666015625 
 4.68109130859375 
 4.10675048828125 
 3.50555419921875 
 2.90802001953125 
 2.28912353515625 
 1.671142578125 
 1.033935546875 
 .3955078125 
-.23590087890625 
-.87249755859375 
-1.51031494140625 
-2.1502685546875 
-2.76580810546875 
-3.363037109375 
-3.9605712890625 
-4.54437255859375 
-5.09765625 
-5.64300537109375 
-6.160888671875 
-6.656494140625 
-7.127685546875 
-7.55889892578125 
-7.97271728515625 
-8.3575439453125 
-8.7066650390625 
-9.01611328125 
-9.29290771484375 
-9.5361328125 
-9.73724365234375 
-9.8980712890625 
-9.99969482421875 
-9.99969482421875 
-9.99969482421875 
-9.99969482421875 
-9.99969482421875 
-9.99969482421875 
-9.96185302734375 
-9.82177734375 
-9.6282958984375 
-9.39697265625 
-9.13818359375 
-8.843994140625 
-8.515625 
-8.14544677734375 
-7.74749755859375 
-7.32330322265625 
-6.86553955078125 
-6.38763427734375 
-5.875244140625 
-5.340576171875 
-4.80010986328125 
-4.2242431640625 
-3.63037109375 
-3.03009033203125 
-2.41363525390625 
-1.7962646484375 
-1.1614990234375 
-.5230712890625 
 .1068115234375 
 .7464599609375 
 1.38214111328125 
 2.02301025390625 
 2.6416015625 
 3.24310302734375 
 3.843994140625 
 4.422607421875 
 4.98138427734375 
 5.52978515625 
 6.04888916015625 
 6.54876708984375 
 7.02362060546875 
 7.46185302734375 
 7.87506103515625 
 8.26507568359375 
 8.61358642578125 
 8.9251708984375 
 9.20379638671875 
 9.4537353515625 
 9.656982421875 
 9.81689453125 
 9.95849609375 
 10 
 10 
 10 
 10 
 10 
 9.88983154296875 
 9.74334716796875 
 9.55169677734375 
 9.31488037109375 
 9.056396484375 
 8.75823974609375 
 8.42803955078125 
 8.05206298828125 
 7.65350341796875 
 7.2265625 
 6.76177978515625 
 6.28448486328125 
 5.76812744140625 
 5.23193359375 
 4.6844482421875 
 4.1064453125 
 3.51043701171875 
 2.91046142578125 
 2.2900390625 
 1.673583984375 
 1.03607177734375 
 .3948974609375 
-.23590087890625 
-.872802734375 
-1.50848388671875 
-2.1484375 
-2.76519775390625 
-3.3642578125 
-3.9599609375 
-4.53857421875 
-5.09674072265625 
-5.64117431640625 
-6.1590576171875 
-6.65283203125 
-7.12554931640625 
-7.5634765625 
-7.97332763671875 
-8.35296630859375 
-8.702392578125 
-9.01519775390625 
-9.28924560546875 
-9.53460693359375 
-9.736328125 
-9.89654541015625 
-9.99969482421875 
-9.99969482421875 
-9.99969482421875 
-9.99969482421875 
-9.99969482421875 
-9.99969482421875 
-9.96551513671875 
-9.82421875 
-9.6295166015625 
-9.39727783203125 
-9.13909912109375 
-8.84674072265625 
-8.51776123046875 
-8.1439208984375 
-7.74749755859375 
-7.325439453125 
-6.86737060546875 
-6.3873291015625 
-5.8770751953125 
-5.34210205078125 
-4.80010986328125 
-4.22271728515625 
-3.629150390625 
-3.0328369140625 
-2.41302490234375 
-1.7962646484375 
-1.16241455078125 
-.5218505859375 
 .1055908203125 
 .7452392578125 
 1.38153076171875 
 2.02178955078125 
 2.64007568359375 
 3.23883056640625 
 3.8433837890625 
 4.42230224609375 
 4.97955322265625 
 5.52947998046875 
 6.0504150390625 
 6.54632568359375 
 7.0233154296875 
 7.4615478515625 
 7.874755859375 
 8.2623291015625 
 8.6151123046875 
 8.92486572265625 
 9.20501708984375 
 9.456787109375 
 9.6588134765625 
 9.8187255859375 
 9.9560546875 
 10 
 10 
 10 
 10 
 10 
 9.88555908203125 
 9.74456787109375 
 9.5489501953125 
 9.31365966796875 
 9.0557861328125 
 8.75701904296875 
 8.43017578125 
 8.05084228515625 
 7.65228271484375 
 7.2265625 
 6.76361083984375 
 6.2860107421875 
 5.7696533203125 
 5.23223876953125 
 4.683837890625 
 4.10888671875 
 3.511962890625 
 2.90985107421875 
 2.2900390625 
 1.6729736328125 
 1.03790283203125 
 .3948974609375 
-.23193359375 
-.870361328125 
-1.51031494140625 
-2.144775390625 
-2.7630615234375 
-3.3636474609375 
-3.9593505859375 
-4.5379638671875 
-5.09490966796875 
-5.6396484375 
-6.15753173828125 
-6.65374755859375 
-7.12554931640625 
-7.5592041015625 
-7.9736328125 
-8.35205078125 
-8.70574951171875 
-9.013671875 
-9.29107666015625 
-9.5391845703125 
-9.736328125 
-9.898681640625 
-9.99969482421875 
-9.99969482421875 
-9.99969482421875 
-9.99969482421875 
-9.99969482421875 
-9.99969482421875 
-9.96368408203125 
-9.82391357421875 
-9.6282958984375 
-9.3988037109375 
-9.14093017578125 
-8.8470458984375 
-8.52081298828125 
-8.1439208984375 
-7.74932861328125 
-7.325439453125 
-6.86676025390625 
-6.385498046875 
-5.8795166015625 
-5.34149169921875 
-4.8016357421875 
-4.2266845703125 
-3.6322021484375 
-3.03436279296875 
-2.41668701171875 
-1.80023193359375 
-1.16455078125 
-.52520751953125 
 .103759765625 
 .74127197265625 
 1.3824462890625 
 2.0196533203125 
 2.63946533203125 
 3.23699951171875 
 3.84002685546875 
 4.4195556640625 
 4.9786376953125 
 5.52734375 
 6.04827880859375 
 6.54693603515625 
 7.01995849609375 
 7.4591064453125 
 7.8765869140625 
 8.260498046875 
 8.61297607421875 
 8.922119140625 
 9.1998291015625 
 9.453125 
 9.65484619140625 
 9.8175048828125 
 9.9566650390625 
 10 
 10 
 10 
 10 
 9.99908447265625 
 9.88616943359375 
 9.7454833984375 
 9.54986572265625 
 9.31610107421875 
 9.05609130859375 
 8.7579345703125 
 8.43170166015625 
 8.05328369140625 
 7.6519775390625 
 7.2271728515625 
 6.7657470703125 
 6.285400390625 
 5.77239990234375 
 5.233154296875 
 4.68597412109375 
 4.10919189453125 
 3.5101318359375 
 2.9119873046875 
 2.29400634765625 
 1.6748046875 
 1.03790283203125 
 .39764404296875 
-.23223876953125 
-.870361328125 
-1.50604248046875 
-2.14630126953125 
-2.763671875 
-3.359375 
-3.958740234375 
-4.5379638671875 
-5.0958251953125 
-5.643310546875 
-6.156005859375 
-6.65191650390625 
-7.120361328125 
-7.5604248046875 
-7.97088623046875 
-8.35662841796875 
-8.7042236328125 
-9.00909423828125 
-9.2852783203125 
-9.53704833984375 
-9.74029541015625 
-9.8980712890625 
-9.99969482421875 
-9.99969482421875 
-9.99969482421875 
-9.99969482421875 
-9.99969482421875 
-9.99969482421875 
-9.9627685546875 
-9.822998046875 
-9.62799072265625 
-9.39666748046875 
-9.1387939453125 
-8.84552001953125 
-8.519287109375 
-8.14727783203125 
-7.74932861328125 
-7.325439453125 
-6.8701171875 
-6.39251708984375 
-5.88104248046875 
-5.34332275390625 
-4.80133056640625 
-4.22760009765625 
-3.63311767578125 
-3.03558349609375 
-2.41546630859375 
-1.79931640625 
-1.163330078125 
-.52642822265625 
 .1031494140625 
 .74005126953125 
 1.38092041015625 
 2.01873779296875 
 2.637939453125 
 3.23822021484375 
 3.837890625 
 4.41925048828125 
 4.97802734375 
 5.52703857421875 
 6.0491943359375 
 6.54815673828125 
 7.01873779296875 
 7.4578857421875 
 7.874755859375 
 8.260498046875 
 8.61083984375 
 8.9208984375 
 9.200439453125 
 9.4537353515625 
 9.6551513671875 
 9.8175048828125 
 9.9566650390625 
 10 
 10 
 10 
 10 
 10 
 9.886474609375 
 9.74456787109375 
 9.55078125 
 9.31610107421875 
 9.05731201171875 
 8.75640869140625 
 8.43109130859375 
 8.05450439453125 
 7.65380859375 
 7.2296142578125 
 6.76483154296875 
 6.285400390625 
 5.772705078125 
 5.23223876953125 
 4.68780517578125 
 4.110107421875 
 3.51348876953125 
 2.91259765625 
 2.29095458984375 
 1.6754150390625 
 1.0394287109375 
 .3985595703125 
-.230712890625 
-.8673095703125 
-1.5057373046875 
-2.14324951171875 
-2.7630615234375 
-3.3587646484375 
-3.956298828125 
-4.53460693359375 
-5.09246826171875 
-5.64208984375 
-6.15692138671875 
-6.6522216796875 
-7.125244140625 
-7.559814453125 
-7.974853515625 
-8.35540771484375 
-8.7005615234375 
-9.0118408203125 
-9.28863525390625 
-9.5343017578125 
-9.73724365234375 
-9.89715576171875 
-9.99969482421875 
-9.99969482421875 
-9.99969482421875 
-9.99969482421875 
-9.99969482421875 
-9.99969482421875 
-9.96429443359375 
-9.8199462890625 
-9.6319580078125 
-9.39849853515625 
-9.14459228515625 
-8.84521484375 
-8.5235595703125 
-8.1494140625 
-7.75115966796875 
-7.32574462890625 
-6.87103271484375 
-6.3922119140625 
-5.87982177734375 
-5.34423828125 
-4.8077392578125 
-4.2315673828125 
-3.6328125 
-3.03741455078125 
-2.4200439453125 
-1.8035888671875 
-1.1651611328125 
-.52886962890625 
 .1031494140625 
 .7403564453125 
 1.37847900390625 
 2.015380859375 
 2.6373291015625 
 3.23577880859375 
 3.83697509765625 
 4.4171142578125 
 4.9774169921875 
 5.5279541015625 
 6.048583984375 
 6.546630859375 
 7.01629638671875 
 7.4603271484375 
 7.87261962890625 
 8.26141357421875 
 8.60992431640625 
 8.92181396484375 
 9.19921875 
 9.45281982421875 
 9.65728759765625 
 9.81964111328125 
 9.95391845703125 
 10 
 10 
 10 
 10 
 9.99969482421875 
 9.88739013671875 
 9.74334716796875 
 9.5501708984375 
 9.31549072265625 
 9.0576171875 
 8.75946044921875 
 8.4320068359375 
 8.055419921875 
 7.655029296875 
 7.22686767578125 
 6.77032470703125 
 6.2872314453125 
 5.77423095703125 
 5.2362060546875 
 4.68963623046875 
 4.11529541015625 
 3.51470947265625 
 2.9144287109375 
 2.293701171875 
 1.67755126953125 
 1.04095458984375 
 .40191650390625 
-.22857666015625 
-.867919921875 
-1.50360107421875 
-2.14141845703125 
-2.76123046875 
-3.359375 
-3.956298828125 
-4.53582763671875 
-5.09124755859375 
-5.6402587890625 
-6.1572265625 
-6.6546630859375 
-7.1197509765625 
-7.56103515625 
-7.97088623046875 
-8.3538818359375 
-8.70208740234375 
-9.0118408203125 
-9.28741455078125 
-9.534912109375 
-9.73968505859375 
-9.89593505859375 
-9.99969482421875 
-9.99969482421875 
-9.99969482421875 
-9.99969482421875 
-9.99969482421875 
-9.99969482421875 
-9.9658203125 
-9.8223876953125 
-9.6319580078125 
-9.3988037109375 
-9.14459228515625 
-8.843994140625 
-8.521728515625 
-8.148193359375 
-7.75115966796875 
-7.32940673828125 
-6.87408447265625 
-6.39251708984375 
-5.880126953125 
-5.34698486328125 
-4.80682373046875 
-4.23004150390625 
-3.6346435546875 
-3.03985595703125 
-2.41943359375 
-1.805419921875 
-1.1663818359375 
-.52642822265625 
 .10223388671875 
 .73974609375 
 1.375732421875 
 2.015380859375 
 2.6348876953125 
 3.23333740234375 
 3.83514404296875 
 4.4140625 
 4.97528076171875 
 5.526123046875 
 6.04736328125 
 6.54571533203125 
 7.0172119140625 
 7.45941162109375 
 7.87200927734375 
 8.2611083984375 
 8.6090087890625 
 8.91998291015625 
 9.20135498046875 
 9.4500732421875 
 9.65667724609375 
 9.8175048828125 
 9.957275390625 
 10 
 10 
 10 
 10 
 10 
 9.8883056640625 
 9.74456787109375 
 9.54986572265625 
 9.31610107421875 
 9.05975341796875 
 8.75946044921875 
 8.43414306640625 
 8.05450439453125 
 7.65625 
 7.22686767578125 
 6.7706298828125 
 6.287841796875 
 5.772705078125 
 5.23193359375 
 4.691162109375 
 4.114990234375 
 3.5162353515625 
 2.9168701171875 
 2.296142578125 
 1.6796875 
 1.04278564453125 
 .4022216796875 
-.22796630859375 
-.86517333984375 
-1.50390625 
-2.13836669921875 
-2.7606201171875 
-3.35662841796875 
-3.9508056640625 
-4.53094482421875 
-5.08941650390625 
-5.64117431640625 
-6.1566162109375 
-6.65283203125 
-7.12005615234375 
-7.5592041015625 
-7.969970703125 
-8.3551025390625 
-8.699951171875 
-9.01123046875 
-9.285888671875 
-9.534912109375 
-9.73907470703125 
-9.8974609375 
-9.99969482421875 
-9.99969482421875 
-9.99969482421875 
-9.99969482421875 
-9.99969482421875 
-9.99969482421875 
-9.96307373046875 
-9.82208251953125 
-9.62982177734375 
-9.4024658203125 
-9.14276123046875 
-8.8470458984375 
-8.5260009765625 
-8.15093994140625 
-7.7508544921875 
-7.32666015625 
-6.87103271484375 
-6.39312744140625 
-5.88348388671875 
-5.34576416015625 
-4.808349609375 
-4.2315673828125 
-3.63525390625 
-3.03924560546875 
-2.4176025390625 
-1.80511474609375 
-1.1688232421875 
-.53314208984375 
 .10101318359375 
 .7366943359375 
 1.37420654296875 
 2.015380859375 
 2.633056640625 
 3.23455810546875 
 3.8348388671875 
 4.41436767578125 
 4.974365234375 
 5.52581787109375 
 6.0467529296875 
 6.546630859375 
 7.01446533203125 
 7.45635986328125 
 7.87078857421875 
 8.2574462890625 
 8.60870361328125 
 8.919677734375 
 9.197998046875 
 9.45098876953125 
 9.6575927734375 
 9.81658935546875 
 9.957275390625 
 10 
 10 
 10 
 10 
 9.99969482421875 
 9.88677978515625 
 9.7442626953125 
 9.54986572265625 
 9.3194580078125 
 9.058837890625 
 8.76007080078125 
 8.4344482421875 
 8.05908203125 
 7.655029296875 
 7.22991943359375 
 6.767578125 
 6.2908935546875 
 5.77301025390625 
 5.23345947265625 
 4.69451904296875 
 4.11407470703125 
 3.5198974609375 
 2.9193115234375 
 2.2955322265625 
 1.680908203125 
 1.043701171875 
 .40496826171875 
-.225830078125 
-.8636474609375 
-1.4996337890625 
-2.1392822265625 
-2.75787353515625 
-3.35540771484375 
-3.95233154296875 
-4.53125 
-5.08880615234375 
-5.6396484375 
-6.15753173828125 
-6.65313720703125 
-7.117919921875 
-7.55828857421875 
-7.96905517578125 
-8.3544921875 
-8.7017822265625 
-9.00970458984375 
-9.28497314453125 
-9.53338623046875 
-9.74151611328125 
-9.8968505859375 
-9.99969482421875 
-9.99969482421875 
-9.99969482421875 
-9.99969482421875 
-9.99969482421875 
-9.99969482421875 
-9.9639892578125 
-9.822998046875 
-9.62921142578125 
-9.403076171875 
-9.14398193359375 
-8.848876953125 
-8.5235595703125 
-8.14971923828125 
-7.74993896484375 
-7.32666015625 
-6.873779296875 
-6.39312744140625 
-5.8831787109375 
-5.34515380859375 
-4.8101806640625 
-4.23309326171875 
-3.6358642578125 
-3.0438232421875 
-2.41912841796875 
-1.80633544921875 
-1.17034912109375 
-.5328369140625 
 .09765625 
 .738525390625 
 1.37298583984375 
 2.01568603515625 
 2.633056640625 
 3.2330322265625 
 3.8330078125 
 4.4122314453125 
 4.97283935546875 
 5.52520751953125 
 6.04461669921875 
 6.5447998046875 
 7.01507568359375 
 7.457275390625 
 7.8704833984375 
 8.2574462890625 
 8.60748291015625 
 8.919677734375 
 9.20013427734375 
 9.453125 
 9.65789794921875 
 9.8175048828125 
 9.9578857421875 
 10 
 10 
 10 
 10 
 10 
 9.8870849609375 
 9.74517822265625 
 9.54986572265625 
 9.31915283203125 
 9.0618896484375 
 8.76068115234375 
 8.43292236328125 
 8.05938720703125 
 7.6593017578125 
 7.2308349609375 
 6.773681640625 
 6.28997802734375 
 5.7745361328125 
 5.23834228515625 
 4.69329833984375 
 4.1168212890625 
 3.5198974609375 
 2.9180908203125 
 2.29705810546875 
 1.68060302734375 
 1.04583740234375 
 .40191650390625 
-.224609375 
-.86151123046875 
-1.500244140625 
-2.138671875 
-2.7569580078125 
-3.35418701171875 
-3.951416015625 
-4.5306396484375 
-5.08636474609375 
-5.6402587890625 
-6.15478515625 
-6.651611328125 
-7.1160888671875 
-7.5543212890625 
-7.96539306640625 
-8.34991455078125 
-8.6993408203125 
-9.007568359375 
-9.28253173828125 
-9.5355224609375 
-9.73785400390625 
-9.898681640625 
-9.99969482421875 
-9.99969482421875 
-9.99969482421875 
-9.99969482421875 
-9.99969482421875 
-9.99969482421875 
-9.9639892578125 
-9.8248291015625 
-9.6343994140625 
-9.4024658203125 
-9.146728515625 
-8.84979248046875 
-8.52630615234375 
-8.1561279296875 
-7.75421142578125 
-7.32879638671875 
-6.87652587890625 
-6.3934326171875 
-5.8843994140625 
-5.3497314453125 
-4.81353759765625 
-4.2333984375 
-3.64105224609375 
-3.04168701171875 
-2.4212646484375 
-1.80755615234375 
-1.17095947265625 
-.53436279296875 
 .09613037109375 
 .7373046875 
 1.3702392578125 
 2.01263427734375 
 2.62969970703125 
 3.23150634765625 
 3.8323974609375 
 4.41070556640625 
 4.9713134765625 
 5.5242919921875 
 6.04583740234375 
 6.54632568359375 
 7.0111083984375 
 7.4578857421875 
 7.8692626953125 
 8.2598876953125 
 8.6077880859375 
 8.9178466796875 
 9.19830322265625 
 9.45159912109375 
 9.65667724609375 
 9.81597900390625 
 9.954833984375 
 10 
 10 
 10 
 10 
 9.99908447265625 
 9.886474609375 
 9.7454833984375 
 9.55047607421875 
 9.32037353515625 
 9.06005859375 
 8.76068115234375 
 8.43780517578125 
 8.05908203125 
 7.6580810546875 
 7.23052978515625 
 6.7742919921875 
 6.2921142578125 
 5.775146484375 
 5.23712158203125 
 4.69482421875 
 4.11865234375 
 3.5198974609375 
 2.921142578125 
 2.2998046875 
 1.6802978515625 
 1.04461669921875 
 .4058837890625 
-.22247314453125 
-.86212158203125 
-1.4971923828125 
-2.13836669921875 
-2.755126953125 
-3.35235595703125 
-3.95172119140625 
-4.52850341796875 
-5.08880615234375 
-5.6353759765625 
-6.15570068359375 
-6.64886474609375 
-7.1124267578125 
-7.5567626953125 
-7.96661376953125 
-8.35418701171875 
-8.69873046875 
-9.0069580078125 
-9.2828369140625 
-9.530029296875 
-9.73876953125 
-9.8992919921875 
-9.99969482421875 
-9.99969482421875 
-9.99969482421875 
-9.99969482421875 
-9.99969482421875 
-9.99969482421875 
-9.9658203125 
-9.82330322265625 
-9.630126953125 
-9.40155029296875 
-9.14825439453125 
-8.85101318359375 
-8.5272216796875 
-8.15399169921875 
-7.75299072265625 
-7.3309326171875 
-6.87774658203125 
-6.39556884765625 
-5.89019775390625 
-5.34942626953125 
-4.810791015625 
-4.23431396484375 
-3.64410400390625 
-3.04443359375 
-2.4237060546875 
-1.80908203125 
-1.17034912109375 
-.53619384765625 
 .09521484375 
 .7330322265625 
 1.37115478515625 
 2.00927734375 
 2.62725830078125 
 3.22845458984375 
 3.8311767578125 
 4.40948486328125 
 4.9688720703125 
 5.523681640625 
 6.04400634765625 
 6.546630859375 
 7.012939453125 
 7.45269775390625 
 7.86712646484375 
 8.260498046875 
 8.6065673828125 
 8.91845703125 
 9.1961669921875 
 9.4488525390625 
 9.65728759765625 
 9.8175048828125 
 9.9578857421875 
 10 
 10 
 10 
 10 
 9.99755859375 
 9.888916015625 
 9.74578857421875 
 9.55108642578125 
 9.3212890625 
 9.06097412109375 
 8.7615966796875 
 8.436279296875 
 8.0615234375 
 7.66143798828125 
 7.23114013671875 
 6.7755126953125 
 6.2933349609375 
 5.77850341796875 
 5.2410888671875 
 4.69970703125 
 4.12109375 
 3.52325439453125 
 2.9217529296875 
 2.30194091796875 
 1.68731689453125 
 1.04736328125 
 .40771484375 
-.2227783203125 
-.85784912109375 
-1.49658203125 
-2.1368408203125 
-2.75360107421875 
-3.34991455078125 
-3.94989013671875 
-4.5263671875 
-5.087890625 
-5.63385009765625 
-6.1505126953125 
-6.65008544921875 
-7.11578369140625 
-7.55645751953125 
-7.96417236328125 
-8.35174560546875 
-8.6968994140625 
-9.0087890625 
-9.285888671875 
-9.5306396484375 
-9.73724365234375 
-9.896240234375 
-9.99969482421875 
-9.99969482421875 
-9.99969482421875 
-9.99969482421875 
-9.99969482421875 
-9.99969482421875 
-9.96826171875 
-9.8248291015625 
-9.63104248046875 
-9.4049072265625 
-9.14642333984375 
-8.84857177734375 
-8.525390625 
-8.154296875 
-7.7545166015625 
-7.3284912109375 
-6.8768310546875 
-6.395263671875 
-5.88623046875 
-5.3533935546875 
-4.810791015625 
-4.2376708984375 
-3.64227294921875 
-3.04412841796875 
-2.4249267578125 
-1.81060791015625 
-1.1712646484375 
-.53466796875 
 .09490966796875 
 .73333740234375 
 1.3690185546875 
 2.00927734375 
 2.6263427734375 
 3.22845458984375 
 3.8275146484375 
 4.407958984375 
 4.97039794921875 
 5.52215576171875 
 6.043701171875 
 6.54449462890625 
 7.0098876953125 
 7.45635986328125 
 7.8680419921875 
 8.25836181640625 
 8.60809326171875 
 8.917236328125 
 9.1973876953125 
 9.4488525390625 
 9.65606689453125 
 9.81658935546875 
 9.95758056640625 
 10 
 10 
 10 
 10 
 10 
 9.89013671875 
 9.7430419921875 
 9.55230712890625 
 9.32098388671875 
 9.06341552734375 
 8.7615966796875 
 8.43658447265625 
 8.06182861328125 
 7.66021728515625 
 7.22900390625 
 6.77734375 
 6.2933349609375 
 5.77850341796875 
 5.24200439453125 
 4.69818115234375 
 4.11865234375 
 3.525390625 
 2.92510986328125 
 2.30010986328125 
 1.685791015625 
 1.0491943359375 
 .41107177734375 
-.2215576171875 
-.8563232421875 
-1.495361328125 
-2.13348388671875 
-2.7545166015625 
-3.34991455078125 
-3.94622802734375 
-4.52545166015625 
-5.0830078125 
-5.634765625 
-6.15509033203125 
-6.64947509765625 
-7.11181640625 
-7.554931640625 
-7.9638671875 
-8.348388671875 
-8.69476318359375 
-9.0081787109375 
-9.2840576171875 
-9.5343017578125 
-9.736328125 
-9.89776611328125 
-9.99969482421875 
-9.99969482421875 
-9.99969482421875 
-9.99969482421875 
-9.99969482421875 
-9.99969482421875 
-9.9688720703125 
-9.825439453125 
-9.63348388671875 
-9.40582275390625 
-9.14581298828125 
-8.85101318359375 
-8.52752685546875 
-8.15765380859375 
-7.7581787109375 
-7.3284912109375 
-6.88201904296875 
-6.39892578125 
-5.88775634765625 
-5.3558349609375 
-4.81475830078125 
-4.23614501953125 
-3.64410400390625 
-3.04595947265625 
-2.4261474609375 
-1.80999755859375 
-1.17645263671875 
-.53863525390625 
 .09429931640625 
 .73211669921875 
 1.36810302734375 
 2.00714111328125 
 2.62542724609375 
 3.2257080078125 
 3.8275146484375 
 4.40826416015625 
 4.9688720703125 
 5.5206298828125 
 6.04461669921875 
 6.54449462890625 
 7.0086669921875 
 7.454833984375 
 7.86712646484375 
 8.25836181640625 
 8.60809326171875 
 8.91998291015625 
 9.1986083984375 
 9.44793701171875 
 9.65606689453125 
 9.81719970703125 
 9.95452880859375 
 10 
 10 
 10 
 10 
 9.99969482421875 
 9.8876953125 
 9.74578857421875 
 9.55352783203125 
 9.32342529296875 
 9.06280517578125 
 8.7640380859375 
 8.4393310546875 
 8.06427001953125 
 7.6617431640625 
 7.23480224609375 
 6.77886962890625 
 6.29669189453125 
 5.78369140625 
 5.24383544921875 
 4.69635009765625 
 4.1217041015625 
 3.5235595703125 
 2.92724609375 
 2.303466796875 
 1.688232421875 
 1.0491943359375 
 .41229248046875 
-.22003173828125 
-.85479736328125 
-1.49566650390625 
-2.13043212890625 
-2.75054931640625 
-3.34686279296875 
-3.94561767578125 
-4.52484130859375 
-5.0799560546875 
-5.63446044921875 
-6.15234375 
-6.65008544921875 
-7.11212158203125 
-7.55279541015625 
-7.96417236328125 
-8.3514404296875 
-8.69598388671875 
-9.005126953125 
-9.2828369140625 
-9.5306396484375 
-9.732666015625 
-9.8974609375 
-9.99969482421875 
-9.99969482421875 
-9.99969482421875 
-9.99969482421875 
-9.99969482421875 
-9.99969482421875 
-9.96917724609375 
-9.822998046875 
-9.63104248046875 
-9.40673828125 
-9.149169921875 
-8.85040283203125 
-8.52569580078125 
-8.1561279296875 
-7.7581787109375 
-7.330322265625 
-6.88323974609375 
-6.39984130859375 
-5.888671875 
-5.3582763671875 
-4.8138427734375 
-4.23858642578125 
-3.64593505859375 
-3.04779052734375 
-2.42950439453125 
-1.810302734375 
-1.17645263671875 
-.5377197265625 
 .09307861328125 
 .72906494140625 
 1.36962890625 
 2.0062255859375 
 2.625732421875 
 3.22418212890625 
 3.8262939453125 
 4.405517578125 
 4.9658203125 
 5.52215576171875 
 6.04217529296875 
 6.54083251953125 
 7.0050048828125 
 7.45269775390625 
 7.86529541015625 
 8.25531005859375 
 8.602294921875 
 8.917236328125 
 9.1973876953125 
 9.44732666015625 
 9.6539306640625 
 9.81536865234375 
 9.95635986328125 
 10 
 10 
 10 
 10 
 10 
 9.89166259765625 
 9.74853515625 
 9.552001953125 
 9.32281494140625 
 9.0643310546875 
 8.7652587890625 
 8.44024658203125 
 8.06610107421875 
 7.6641845703125 
 7.23175048828125 
 6.78192138671875 
 6.29791259765625 
 5.7818603515625 
 5.245361328125 
 4.69879150390625 
 4.12322998046875 
 3.525390625 
 2.92816162109375 
 2.30560302734375 
 1.68914794921875 
 1.05072021484375 
 .4119873046875 
-.216064453125 
-.85479736328125 
-1.49200439453125 
-2.1295166015625 
-2.7490234375 
-3.349609375 
-3.94622802734375 
-4.52301025390625 
-5.08209228515625 
-5.63262939453125 
-6.1529541015625 
-6.646728515625 
-7.11181640625 
-7.55340576171875 
-7.96295166015625 
-8.35205078125 
-8.69598388671875 
-9.005126953125 
-9.28375244140625 
-9.53033447265625 
-9.73724365234375 
-9.896240234375 
-9.99969482421875 
-9.99969482421875 
-9.99969482421875 
-9.99969482421875 
-9.99969482421875 
-9.99969482421875 
-9.9676513671875 
-9.82269287109375 
-9.63104248046875 
-9.4073486328125 
-9.1497802734375 
-8.85101318359375 
-8.52630615234375 
-8.1591796875 
-7.7593994140625 
-7.33306884765625 
-6.884765625 
-6.40106201171875 
-5.8935546875 
-5.35797119140625 
-4.81719970703125 
-4.24102783203125 
-3.6474609375 
-3.05084228515625 
-2.4298095703125 
-1.81610107421875 
-1.17889404296875 
-.53985595703125 
 .089111328125 
 .72845458984375 
 1.36810302734375 
 2.00286865234375 
 2.623291015625 
 3.2244873046875 
 3.828125 
 4.4049072265625 
 4.96734619140625 
 5.51971435546875 
 6.04461669921875 
 6.54144287109375 
 7.00592041015625 
 7.44964599609375 
 7.86590576171875 
 8.2574462890625 
 8.6004638671875 
 8.9178466796875 
 9.19830322265625 
 9.4482421875 
 9.6551513671875 
 9.8187255859375 
 9.95574951171875 
 10 
 10 
 10 
 10 
 10 
 9.89288330078125 
 9.74365234375 
 9.55352783203125 
 9.3243408203125 
 9.06524658203125 
 8.7640380859375 
 8.4405517578125 
 8.06640625 
 7.66265869140625 
 7.2314453125 
 6.783447265625 
 6.29852294921875 
 5.78399658203125 
 5.2447509765625 
 4.70001220703125 
 4.12384033203125 
 3.52783203125 
 2.92816162109375 
 2.30804443359375 
 1.68853759765625 
 1.05224609375 
 .41168212890625 
-.216064453125 
-.8551025390625 
-1.49139404296875 
-2.1307373046875 
-2.7490234375 
-3.3447265625 
-3.9447021484375 
-4.521484375 
-5.0811767578125 
-5.63201904296875 
-6.1517333984375 
-6.6473388671875 
-7.1112060546875 
-7.5518798828125 
-7.96295166015625 
-8.3502197265625 
-8.69476318359375 
-9.0057373046875 
-9.2828369140625 
-9.5233154296875 
-9.7357177734375 
-9.8980712890625 
-9.99969482421875 
-9.99969482421875 
-9.99969482421875 
-9.99969482421875 
-9.99969482421875 
-9.99969482421875 
-9.96856689453125 
-9.82147216796875 
-9.63348388671875 
-9.40887451171875 
-9.15191650390625 
-8.85345458984375 
-8.5308837890625 
-8.1585693359375 
-7.7593994140625 
-7.33062744140625 
-6.884765625 
-6.40167236328125 
-5.8929443359375 
-5.35614013671875 
-4.81719970703125 
-4.2401123046875 
-3.6474609375 
-3.0523681640625 
-2.43011474609375 
-1.81640625 
-1.17767333984375 
-.53955078125 
 .0860595703125 
 .7281494140625 
 1.3665771484375 
 2.0050048828125 
 2.62451171875 
 3.22265625 
 3.82537841796875 
 4.404296875 
 4.96490478515625 
 5.51849365234375 
 6.04248046875 
 6.54144287109375 
 7.00469970703125 
 7.45208740234375 
 7.864990234375 
 8.25714111328125 
 8.602294921875 
 8.91845703125 
 9.1973876953125 
 9.44488525390625 
 9.654541015625 
 9.81689453125 
 9.95452880859375 
 10 
 10 
 10 
 10 
 9.99969482421875 
 9.89288330078125 
 9.74273681640625 
 9.55352783203125 
 9.32586669921875 
 9.06585693359375 
 8.76434326171875 
 8.44024658203125 
 8.0682373046875 
 7.66357421875 
 7.232666015625 
 6.78497314453125 
 6.3006591796875 
 5.78460693359375 
 5.24993896484375 
 4.70184326171875 
 4.1253662109375 
 3.52752685546875 
 2.92938232421875 
 2.30712890625 
 1.69342041015625 
 1.05499267578125 
 .413818359375 
-.216064453125 
-.8514404296875 
-1.4886474609375 
-2.130126953125 
-2.74749755859375 
-3.34197998046875 
-3.944091796875 
-4.51751708984375 
-5.08026123046875 
-5.62896728515625 
-6.148681640625 
-6.64764404296875 
-7.108154296875 
-7.55035400390625 
-7.958984375 
-8.345947265625 
-8.69049072265625 
-9.00543212890625 
-9.28558349609375 
-9.5263671875 
-9.73846435546875 
-9.896240234375 
-9.99969482421875 
-9.99969482421875 
-9.99969482421875 
-9.99969482421875 
-9.99969482421875 
-9.99969482421875 
-9.971923828125 
-9.822998046875 
-9.63409423828125 
-9.41009521484375 
-9.1522216796875 
-8.853759765625 
-8.529052734375 
-8.15887451171875 
-7.76092529296875 
-7.33489990234375 
-6.888427734375 
-6.402587890625 
-5.89447021484375 
-5.35888671875 
-4.81658935546875 
-4.24102783203125 
-3.64715576171875 
-3.0517578125 
-2.43011474609375 
-1.81671142578125 
-1.18133544921875 
-.54473876953125 
 .09002685546875 
 .726318359375 
 1.36474609375 
 2.00164794921875 
 2.61962890625 
 3.22113037109375 
 3.82049560546875 
 4.403076171875 
 4.9639892578125 
 5.51788330078125 
 6.041259765625 
 6.54083251953125 
 7.00103759765625 
 7.44873046875 
 7.86224365234375 
 8.25439453125 
 8.6004638671875 
 8.91815185546875 
 9.1986083984375 
 9.44671630859375 
 9.6551513671875 
 9.8162841796875 
 9.9560546875 
 10 
 10 
 10 
 10 
 10 
 9.8956298828125 
 9.74456787109375 
 9.55474853515625 
 9.3255615234375 
 9.06829833984375 
 8.7664794921875 
 8.43994140625 
 8.06732177734375 
 7.66510009765625 
 7.2320556640625 
 6.7852783203125 
 6.3018798828125 
 5.787353515625 
 5.247802734375 
 4.7039794921875 
 4.127197265625 
 3.531494140625 
 2.9315185546875 
 2.31231689453125 
 1.69342041015625 
 1.0546875 
 .41412353515625 
-.21392822265625 
-.85113525390625 
-1.49017333984375 
-2.1270751953125 
-2.744140625 
-3.3416748046875 
-3.9410400390625 
-4.521484375 
-5.0775146484375 
-5.6280517578125 
-6.1505126953125 
-6.64703369140625 
-7.10601806640625 
-7.547607421875 
-7.960205078125 
-8.34564208984375 
-8.69049072265625 
-9.00299072265625 
-9.281005859375 
-9.52362060546875 
-9.7332763671875 
-9.896240234375 
-9.99969482421875 
-9.99969482421875 
-9.99969482421875 
-9.99969482421875 
-9.99969482421875 
-9.99969482421875 
-9.9688720703125 
-9.82452392578125 
-9.6356201171875 
-9.4110107421875 
-9.15313720703125 
-8.85498046875 
-8.5296630859375 
-8.16192626953125 
-7.76153564453125 
-7.33367919921875 
-6.89117431640625 
-6.4056396484375 
-5.8929443359375 
-5.360107421875 
-4.81964111328125 
-4.24102783203125 
-3.648681640625 
-3.05328369140625 
-2.4371337890625 
-1.81610107421875 
-1.181640625 
-.54168701171875 
 .08697509765625 
 .7257080078125 
 1.36474609375 
 1.99798583984375 
 2.620849609375 
 3.2183837890625 
 3.8232421875 
 4.40093994140625 
 4.96246337890625 
 5.51788330078125 
 6.0400390625 
 6.5411376953125 
 7.00164794921875 
 7.4481201171875 
 7.86285400390625 
 8.25531005859375 
 8.6016845703125 
 8.917236328125 
 9.197998046875 
 9.44488525390625 
 9.65606689453125 
 9.81719970703125 
 9.95635986328125 
 10 
 10 
 10 
 10 
 9.99969482421875 
 9.89349365234375 
 9.74517822265625 
 9.5556640625 
 9.3280029296875 
 9.068603515625 
 8.76708984375 
 8.4417724609375 
 8.06854248046875 
 7.667236328125 
 7.2344970703125 
 6.7889404296875 
 6.30035400390625 
 5.78704833984375 
 5.24810791015625 
 4.70367431640625 
 4.12933349609375 
 3.531494140625 
 2.93365478515625 
 2.310791015625 
 1.69464111328125 
 1.0589599609375 
 .4144287109375 
-.2117919921875 
-.8489990234375 
-1.48712158203125 
-2.12493896484375 
-2.74322509765625 
-3.3428955078125 
-3.94287109375 
-4.51629638671875 
-5.07720947265625 
-5.62774658203125 
-6.1468505859375 
-6.64642333984375 
-7.105712890625 
-7.54608154296875 
-7.958984375 
-8.34716796875 
-8.69110107421875 
-9.005126953125 
-9.28558349609375 
-9.52545166015625 
-9.73846435546875 
-9.898681640625 
-9.99969482421875 
-9.99969482421875 
-9.99969482421875 
-9.99969482421875 
-9.99969482421875 
-9.99969482421875 
-9.971923828125 
-9.820556640625 
-9.63836669921875 
-9.41162109375 
-9.15313720703125 
-8.85345458984375 
-8.5296630859375 
-8.16314697265625 
-7.760009765625 
-7.33428955078125 
-6.8914794921875 
-6.4056396484375 
-5.89508056640625 
-5.36224365234375 
-4.8223876953125 
-4.244384765625 
-3.65234375 
-3.05450439453125 
-2.437744140625 
-1.8182373046875 
-1.182861328125 
-.54443359375 
 .084228515625 
 .72174072265625 
 1.36199951171875 
 2.000732421875 
 2.6177978515625 
 3.218994140625 
 3.8214111328125 
 4.39971923828125 
 4.96307373046875 
 5.51483154296875 
 6.03973388671875 
 6.54022216796875 
 7.00347900390625 
 7.44720458984375 
 7.86041259765625 
 8.25347900390625 
 8.60107421875 
 8.91571044921875 
 9.1943359375 
 9.44366455078125 
 9.654541015625 
 9.8150634765625 
 9.954833984375 
 10 
 10 
 10 
 10 
 10 
 9.89898681640625 
 9.7430419921875 
 9.5574951171875 
 9.32830810546875 
 9.06982421875 
 8.773193359375 
 8.4381103515625 
 8.07220458984375 
 7.66693115234375 
 7.23602294921875 
 6.790771484375 
 6.3037109375 
 5.78704833984375 
 5.25054931640625 
 4.70611572265625 
 4.12933349609375 
 3.53271484375 
 2.93426513671875 
 2.313232421875 
 1.69769287109375 
 1.0589599609375 
 .41961669921875 
-.21240234375 
-.84808349609375 
-1.48712158203125 
-2.1240234375 
-2.74322509765625 
-3.33953857421875 
-3.93798828125 
-4.5184326171875 
-5.074462890625 
-5.62713623046875 
-6.148681640625 
-6.64459228515625 
-7.103271484375 
-7.54730224609375 
-7.9583740234375 
-8.3465576171875 
-8.69171142578125 
-9.002685546875 
-9.2828369140625 
-9.522705078125 
-9.73388671875 
-9.893798828125 
-9.99969482421875 
-9.99969482421875 
-9.99969482421875 
-9.99969482421875 
-9.99969482421875 
-9.99969482421875 
-9.971923828125 
-9.822998046875 
-9.63623046875 
-9.40948486328125 
-9.15435791015625 
-8.856201171875 
-8.5321044921875 
-8.16314697265625 
-7.763671875 
-7.332763671875 
-6.89178466796875 
-6.40899658203125 
-5.89752197265625 
-5.36102294921875 
-4.82147216796875 
-4.2431640625 
-3.65203857421875 
-3.0572509765625 
-2.4395751953125 
-1.82098388671875 
-1.18408203125 
-.54718017578125 
 .0830078125 
 .72174072265625 
 1.357421875 
 1.99859619140625 
 2.61932373046875 
 3.21624755859375 
 3.817138671875 
 4.39605712890625 
 4.96063232421875 
 5.51300048828125 
 6.03851318359375 
 6.5386962890625 
 7.00103759765625 
 7.4468994140625 
 7.8631591796875 
 8.25164794921875 
 8.59832763671875 
 8.91326904296875 
 9.197998046875 
 9.44091796875 
 9.65484619140625 
 9.81658935546875 
 9.95330810546875 
 10 
 10 
 10 
 10 
 10 
 9.89654541015625 
 9.74517822265625 
 9.55902099609375 
 9.32952880859375 
 9.071044921875 
 8.77105712890625 
 8.441162109375 
 8.07373046875 
 7.66937255859375 
 7.23785400390625 
 6.7901611328125 
 6.30523681640625 
 5.789794921875 
 5.2520751953125 
 4.70794677734375 
 4.1326904296875 
 3.53240966796875 
 2.93670654296875 
 2.31536865234375 
 1.69647216796875 
 1.0595703125 
 .41748046875 
-.208740234375 
-.848388671875 
-1.48529052734375 
-2.122802734375 
-2.740478515625 
-3.338623046875 
-3.9361572265625 
-4.5147705078125 
-5.07537841796875 
-5.62469482421875 
-6.14532470703125 
-6.64337158203125 
-7.1051025390625 
-7.5408935546875 
-7.95623779296875 
-8.34747314453125 
-8.68988037109375 
-9.0032958984375 
-9.2840576171875 
-9.521484375 
-9.73419189453125 
-9.896240234375 
-9.99969482421875 
-9.99969482421875 
-9.99969482421875 
-9.99969482421875 
-9.99969482421875 
-9.99969482421875 
-9.97283935546875 
-9.8211669921875 
-9.63653564453125 
-9.4085693359375 
-9.154052734375 
-8.85650634765625 
-8.5296630859375 
-8.16558837890625 
-7.76458740234375 
-7.333984375 
-6.8939208984375 
-6.4093017578125 
-5.899658203125 
-5.364990234375 
-4.81964111328125 
-4.2462158203125 
-3.65325927734375 
-3.05877685546875 
-2.4395751953125 
-1.8231201171875 
-1.18499755859375 
-.54718017578125 
 .08209228515625 
 .72021484375 
 1.3568115234375 
 1.998291015625 
 2.6165771484375 
 3.21533203125 
 3.8153076171875 
 4.395751953125 
 4.95849609375 
 5.51116943359375 
 6.03546142578125 
 6.53717041015625 
 7.0013427734375 
 7.4456787109375 
 7.8607177734375 
 8.25225830078125 
 8.599853515625 
 8.91571044921875 
 9.19708251953125 
 9.44091796875 
 9.654541015625 
 9.8175048828125 
 9.95452880859375 
 10 
 10 
 10 
 10 
 10 
 9.89593505859375 
 9.7454833984375 
 9.55841064453125 
 9.32861328125 
 9.072265625 
 8.7701416015625 
 8.43994140625 
 8.07373046875 
 7.66571044921875 
 7.2357177734375 
 6.7913818359375 
 6.304931640625 
 5.7928466796875 
 5.25177001953125 
 4.703369140625 
 4.130859375 
 3.536376953125 
 2.93701171875 
 2.3162841796875 
 1.69769287109375 
 1.06048583984375 
 .421142578125 
-.20843505859375 
-.84625244140625 
-1.48162841796875 
-2.12310791015625 
-2.74078369140625 
-3.33953857421875 
-3.93585205078125 
-4.5135498046875 
-5.07232666015625 
-5.62347412109375 
-6.14471435546875 
-6.64398193359375 
-7.1044921875 
-7.5408935546875 
-7.95745849609375 
-8.34320068359375 
-8.68804931640625 
-8.99993896484375 
-9.28375244140625 
-9.52301025390625 
-9.732666015625 
-9.89593505859375 
-9.99969482421875 
-9.99969482421875 
-9.99969482421875 
-9.99969482421875 
-9.99969482421875 
-9.99969482421875 
-9.9761962890625 
-9.825439453125 
-9.63836669921875 
-9.41619873046875 
-9.15618896484375 
-8.86077880859375 
-8.53515625 
-8.1634521484375 
-7.76153564453125 
-7.33551025390625 
-6.89453125 
-6.40533447265625 
-5.90240478515625 
-5.36651611328125 
-4.82025146484375 
-4.2510986328125 
-3.65264892578125 
-3.05908203125 
-2.440185546875 
-1.8231201171875 
-1.1871337890625 
-.55023193359375 
 .08026123046875 
 .7177734375 
 1.35284423828125 
 1.995849609375 
 2.6171875 
 3.2159423828125 
 3.81500244140625 
 4.395751953125 
 4.95758056640625 
 5.511474609375 
 6.03546142578125 
 6.53564453125 
 7.00042724609375 
 7.4395751953125 
 7.86163330078125 
 8.250732421875 
 8.599853515625 
 8.9141845703125 
 9.1961669921875 
 9.44183349609375 
 9.6527099609375 
 9.8162841796875 
 9.954833984375 
 10 
 10 
 10 
 10 
 10 
 9.8974609375 
 9.7442626953125 
 9.55902099609375 
 9.3310546875 
 9.07073974609375 
 8.77349853515625 
 8.4405517578125 
 8.07373046875 
 7.66693115234375 
 7.2381591796875 
 6.7926025390625 
 6.30615234375 
 5.791015625 
 5.25238037109375 
 4.70611572265625 
 4.134521484375 
 3.5369873046875 
 2.93853759765625 
 2.3187255859375 
 1.6998291015625 
 1.0614013671875 
 .42144775390625 
-.20843505859375 
-.845947265625 
-1.4825439453125 
-2.12066650390625 
-2.73712158203125 
-3.3349609375 
-3.93524169921875 
-4.51263427734375 
-5.07537841796875 
-5.6231689453125 
-6.14349365234375 
-6.6387939453125 
-7.10174560546875 
-7.54302978515625 
-7.95684814453125 
-8.3441162109375 
-8.69171142578125 
-9.00238037109375 
-9.28497314453125 
-9.52362060546875 
-9.7332763671875 
-9.90020751953125 
-9.99969482421875 
-9.99969482421875 
-9.99969482421875 
-9.99969482421875 
-9.99969482421875 
-9.99969482421875 
-9.97344970703125 
-9.82421875 
-9.6392822265625 
-9.41375732421875 
-9.156494140625 
-8.861083984375 
-8.53179931640625 
-8.16558837890625 
-7.76336669921875 
-7.33734130859375 
-6.89453125 
-6.409912109375 
-5.90179443359375 
-5.36773681640625 
-4.8211669921875 
-4.25201416015625 
-3.65692138671875 
-3.0621337890625 
-2.442626953125 
-1.82373046875 
-1.19049072265625 
-.54931640625 
 .08026123046875 
 .7171630859375 
 1.35498046875 
 1.9970703125 
 2.6141357421875 
 3.21075439453125 
 3.81622314453125 
 4.39300537109375 
 4.9578857421875 
 5.5096435546875 
 6.0345458984375 
 6.533203125 
 7.00042724609375 
 7.43988037109375 
 7.85919189453125 
 8.24737548828125 
 8.599853515625 
 8.9129638671875 
 9.1973876953125 
 9.44061279296875 
 9.65423583984375 
 9.81903076171875 
 9.9560546875 
 10 
 10 
 10 
 10 
 10 
 9.90081787109375 
 9.74700927734375 
 9.560546875 
 9.33197021484375 
 9.073486328125 
 8.77471923828125 
 8.4417724609375 
 8.0743408203125 
 7.6690673828125 
 7.23724365234375 
 6.793212890625 
 6.3055419921875 
 5.79376220703125 
 5.2557373046875 
 4.70794677734375 
 4.13604736328125 
 3.53515625 
 2.93792724609375 
 2.31719970703125 
 1.70135498046875 
 1.064453125 
 .4229736328125 
-.20599365234375 
-.84320068359375 
-1.48223876953125 
-2.1209716796875 
-2.73895263671875 
-3.33587646484375 
-3.93402099609375 
-4.5135498046875 
-5.0738525390625 
-5.62255859375 
-6.14410400390625 
-6.6412353515625 
-7.100830078125 
-7.54150390625 
-7.95806884765625 
-8.34381103515625 
-8.6920166015625 
-9.0020751953125 
-9.28314208984375 
-9.52117919921875 
-9.7344970703125 
-9.8944091796875 
-9.99969482421875 
-9.99969482421875 
-9.99969482421875 
-9.99969482421875 
-9.99969482421875 
-9.99969482421875 
-9.97833251953125 
-9.82513427734375 
-9.64019775390625 
-9.41650390625 
-9.15924072265625 
-8.86260986328125 
-8.531494140625 
-8.16741943359375 
-7.7618408203125 
-7.340087890625 
-6.8988037109375 
-6.41021728515625 
-5.9014892578125 
-5.36590576171875 
-4.82177734375 
-4.25384521484375 
-3.65753173828125 
-3.06182861328125 
-2.44140625 
-1.826171875 
-1.18927001953125 
-.5523681640625 
 .0799560546875 
 .71807861328125 
 1.35223388671875 
 1.9940185546875 
 2.61138916015625 
 3.21136474609375 
 3.81744384765625 
 4.39208984375 
 4.95697021484375 
 5.5096435546875 
 6.031494140625 
 6.5350341796875 
 6.99798583984375 
 7.44171142578125 
 7.8607177734375 
 8.248291015625 
 8.599853515625 
 8.912353515625 
 9.19830322265625 
 9.43756103515625 
 9.654541015625 
 9.8162841796875 
 9.95086669921875 
 10 
 10 
 10 
 10 
 9.99908447265625 
 9.9005126953125 
 9.74578857421875 
 9.56268310546875 
 9.3292236328125 
 9.073486328125 
 8.7750244140625 
 8.44390869140625 
 8.074951171875 
 7.66845703125 
 7.23968505859375 
 6.79229736328125 
 6.3104248046875 
 5.79437255859375 
 5.25848388671875 
 4.7100830078125 
 4.13787841796875 
 3.53790283203125 
 2.9412841796875 
 2.32025146484375 
 1.7034912109375 
 1.0626220703125 
 .426025390625 
-.20721435546875 
-.84197998046875 
-1.478271484375 
-2.115478515625 
-2.73529052734375 
-3.33160400390625 
-3.931884765625 
-4.5098876953125 
-5.07110595703125 
-5.6207275390625 
-6.1383056640625 
-6.63787841796875 
-7.1014404296875 
-7.5421142578125 
-7.95684814453125 
-8.34014892578125 
-8.68896484375 
-8.9990234375 
-9.28253173828125 
-9.51904296875 
-9.7296142578125 
-9.8974609375 
-9.99969482421875 
-9.99969482421875 
-9.99969482421875 
-9.99969482421875 
-9.99969482421875 
-9.99969482421875 
-9.97833251953125 
-9.8223876953125 
-9.6417236328125 
-9.41497802734375 
-9.1558837890625 
-8.85955810546875 
-8.53118896484375 
-8.1683349609375 
-7.76519775390625 
-7.33917236328125 
-6.8951416015625 
-6.41082763671875 
-5.9051513671875 
-5.3656005859375 
-4.8223876953125 
-4.2547607421875 
-3.65966796875 
-3.062744140625 
-2.44293212890625 
-1.8280029296875 
-1.19232177734375 
-.55206298828125 
 .076904296875 
 .7159423828125 
 1.35223388671875 
 1.99310302734375 
 2.6116943359375 
 3.211669921875 
 3.81256103515625 
 4.3939208984375 
 4.95574951171875 
 5.51025390625 
 6.0296630859375 
 6.5325927734375 
 6.99615478515625 
 7.43927001953125 
 7.85919189453125 
 8.24493408203125 
 8.597412109375 
 8.91021728515625 
 9.19677734375 
 9.437255859375 
 9.65301513671875 
 9.81719970703125 
 9.9566650390625 
 10 
 10 
 10 
 10 
 10 
 9.90020751953125 
 9.74822998046875 
 9.5623779296875 
 9.33135986328125 
 9.0728759765625 
 8.77410888671875 
 8.44390869140625 
 8.0780029296875 
 7.66998291015625 
 7.24151611328125 
 6.79534912109375 
 6.309814453125 
 5.79559326171875 
 5.25970458984375 
 4.70733642578125 
 4.13970947265625 
 3.53973388671875 
 2.943115234375 
 2.32208251953125 
 1.70318603515625 
 1.0638427734375 
 .42694091796875 
-.2020263671875 
-.84075927734375 
-1.47705078125 
-2.1185302734375 
-2.73468017578125 
-3.331298828125 
-3.9312744140625 
-4.50897216796875 
-5.07080078125 
-5.618896484375 
-6.14044189453125 
-6.63970947265625 
-7.09991455078125 
-7.5396728515625 
-7.9583740234375 
-8.34014892578125 
-8.69049072265625 
-8.997802734375 
-9.2822265625 
-9.51873779296875 
-9.73236083984375 
-9.8944091796875 
-9.99969482421875 
-9.99969482421875 
-9.99969482421875 
-9.99969482421875 
-9.99969482421875 
-9.99969482421875 
-9.9798583984375 
-9.82452392578125 
-9.64202880859375 
-9.41162109375 
-9.16046142578125 
-8.8629150390625 
-8.5345458984375 
-8.16864013671875 
-7.76458740234375 
-7.34100341796875 
-6.89788818359375 
-6.41510009765625 
-5.90576171875 
-5.36895751953125 
-4.8211669921875 
-4.2572021484375 
-3.65966796875 
-3.06365966796875 
-2.44781494140625 
-1.8280029296875 
-1.1907958984375 
-.55389404296875 
 .0775146484375 
 .7122802734375 
 1.3494873046875 
 1.9921875 
 2.60650634765625 
 3.21014404296875 
 3.81256103515625 
 4.3890380859375 
 4.95452880859375 
 5.5072021484375 
 6.029052734375 
 6.533203125 
 6.995849609375 
 7.4359130859375 
 7.8594970703125 
 8.24493408203125 
 8.5980224609375 
 8.90960693359375 
 9.19677734375 
 9.43878173828125 
 9.65179443359375 
 9.815673828125 
 9.95330810546875 
 10 
 10 
 10 
 10 
 10 
 9.89898681640625 
 9.744873046875 
 9.56268310546875 
 9.33135986328125 
 9.07257080078125 
 8.775634765625 
 8.44207763671875 
 8.07891845703125 
 7.6678466796875 
 7.2418212890625 
 6.79840087890625 
 6.31256103515625 
 5.79742431640625 
 5.25909423828125 
 4.7064208984375 
 4.1424560546875 
 3.5406494140625 
 2.94586181640625 
 2.32452392578125 
 1.70562744140625 
 1.06689453125 
 .42633056640625 
-.20233154296875 
-.83984375 
-1.474609375 
-2.11395263671875 
-2.73345947265625 
-3.33160400390625 
-3.929443359375 
-4.50469970703125 
-5.07293701171875 
-5.61737060546875 
-6.13616943359375 
-6.636962890625 
-7.10052490234375 
-7.53509521484375 
-7.95684814453125 
-8.33709716796875 
-8.68865966796875 
-8.99688720703125 
-9.28314208984375 
-9.5196533203125 
-9.7320556640625 
-9.89471435546875 
-9.99969482421875 
-9.99969482421875 
-9.99969482421875 
-9.99969482421875 
-9.99969482421875 
-9.99969482421875 
-9.979248046875 
-9.8236083984375 
-9.6429443359375 
-9.41436767578125 
-9.1583251953125 
-8.8616943359375 
-8.53485107421875 
-8.16986083984375 
-7.7630615234375 
-7.34100341796875 
-6.90093994140625 
-6.41510009765625 
-5.9063720703125 
-5.3717041015625 
-4.82147216796875 
-4.25811767578125 
-3.66363525390625 
-3.06640625 
-2.447509765625 
-1.83319091796875 
-1.19598388671875 
-.55328369140625 
 .07476806640625 
 .71319580078125 
 1.35040283203125 
 1.9891357421875 
 2.608642578125 
 3.20831298828125 
 3.8092041015625 
 4.3878173828125 
 4.9542236328125 
 5.506591796875 
 6.02783203125 
 6.53045654296875 
 6.99615478515625 
 7.4365234375 
 7.8594970703125 
 8.24462890625 
 8.5980224609375 
 8.9093017578125 
 9.1949462890625 
 9.43603515625 
 9.6533203125 
 9.81781005859375 
 9.952392578125 
 10 
 10 
 10 
 10 
 10 
 9.9017333984375 
 9.74365234375 
 9.5635986328125 
 9.3316650390625 
 9.072265625 
 8.778076171875 
 8.44573974609375 
 8.07830810546875 
 7.6715087890625 
 7.24456787109375 
 6.796875 
 6.31195068359375 
 5.79833984375 
 5.2618408203125 
 4.71038818359375 
 4.14306640625 
 3.54278564453125 
 2.94677734375 
 2.322998046875 
 1.70654296875 
 1.06964111328125 
 .42694091796875 
-.20294189453125 
-.83953857421875 
-1.47430419921875 
-2.11334228515625 
-2.7288818359375 
-3.33251953125 
-3.92852783203125 
-4.50531005859375 
-5.06988525390625 
-5.61737060546875 
-6.134033203125 
-6.63330078125 
-7.09686279296875 
-7.53631591796875 
-7.9547119140625 
-8.33404541015625 
-8.68927001953125 
-9.0008544921875 
-9.28131103515625 
-9.5196533203125 
-9.7320556640625 
-9.89532470703125 
-9.99969482421875 
-9.99969482421875 
-9.99969482421875 
-9.99969482421875 
-9.99969482421875 
-9.99969482421875 
-9.97467041015625 
-9.82391357421875 
-9.644775390625 
-9.41375732421875 
-9.15924072265625 
-8.86566162109375 
-8.536376953125 
-8.1707763671875 
-7.76336669921875 
-7.3431396484375 
-6.90093994140625 
-6.41754150390625 
-5.90728759765625 
-5.37200927734375 
-4.82452392578125 
-4.2584228515625 
-3.66302490234375 
-3.06488037109375 
-2.44903564453125 
-1.83197021484375 
-1.19659423828125 
-.55633544921875 
 .07080078125 
 .70953369140625 
 1.348876953125 
 1.98760986328125 
 2.6043701171875 
 3.20831298828125 
 3.80889892578125 
 4.3865966796875 
 4.95513916015625 
 5.504150390625 
 6.0260009765625 
 6.5240478515625 
 6.993408203125 
 7.43621826171875 
 7.8582763671875 
 8.2421875 
 8.59893798828125 
 8.9105224609375 
 9.19647216796875 
 9.43695068359375 
 9.6490478515625 
 9.81903076171875 
 9.95391845703125 
 10 
 10 
 10 
 10 
 10 
 9.90234375 
 9.74761962890625 
 9.5654296875 
 9.33197021484375 
 9.072265625 
 8.77532958984375 
 8.4417724609375 
 8.079833984375 
 7.67059326171875 
 7.2430419921875 
 6.79779052734375 
 6.31500244140625 
 5.8001708984375 
 5.2618408203125 
 4.7076416015625 
 4.144287109375 
 3.54522705078125 
 2.94677734375 
 2.32513427734375 
 1.70928955078125 
 1.07147216796875 
 .4266357421875 
-.19744873046875 
-.8367919921875 
-1.47186279296875 
-2.1136474609375 
-2.72857666015625 
-3.328857421875 
-3.92669677734375 
-4.5062255859375 
-5.06988525390625 
-5.6158447265625 
-6.134033203125 
-6.63238525390625 
-7.0953369140625 
-7.535400390625 
-7.955322265625 
-8.33343505859375 
-8.68682861328125 
-8.99658203125 
-9.28009033203125 
-9.51873779296875 
-9.72991943359375 
-9.89593505859375 
-9.99969482421875 
-9.99969482421875 
-9.99969482421875 
-9.99969482421875 
-9.99969482421875 
-9.99969482421875 
-9.97955322265625 
-9.8236083984375 
-9.6417236328125 
-9.41497802734375 
-9.15924072265625 
-8.86322021484375 
-8.53668212890625 
-8.17230224609375 
-7.76458740234375 
-7.3468017578125 
-6.90277099609375 
-6.41693115234375 
-5.911865234375 
-5.37567138671875 
-4.822998046875 
-4.26116943359375 
-3.66363525390625 
-3.06671142578125 
-2.449951171875 
-1.83349609375 
-1.19720458984375 
-.55694580078125 
 .0732421875 
 .7086181640625 
 1.34735107421875 
 1.9866943359375 
 2.60528564453125 
 3.20465087890625 
 3.8055419921875 
 4.3865966796875 
 4.952392578125 
 5.504150390625 
 6.02264404296875 
 6.52557373046875 
 6.99188232421875 
 7.43377685546875 
 7.86102294921875 
 8.23974609375 
 8.59527587890625 
 8.90869140625 
 9.19708251953125 
 9.43817138671875 
 9.649658203125 
 9.8175048828125 
 9.949951171875 
 10 
 10 
 10 
 10 
 10 
 9.9029541015625 
 9.744873046875 
 9.5648193359375 
 9.33013916015625 
 9.07684326171875 
 8.77349853515625 
 8.44512939453125 
 8.079833984375 
 7.67120361328125 
 7.24822998046875 
 6.79931640625 
 6.31439208984375 
 5.8038330078125 
 5.26611328125 
 4.71038818359375 
 4.14398193359375 
 3.5455322265625 
 2.94769287109375 
 2.327880859375 
 1.70867919921875 
 1.07147216796875 
 .42816162109375 
-.19775390625 
-.8355712890625 
-1.47308349609375 
-2.1124267578125 
-2.728271484375 
-3.32489013671875 
-3.9263916015625 
-4.501953125 
-5.06988525390625 
-5.6158447265625 
-6.134033203125 
-6.62994384765625 
-7.0928955078125 
-7.53692626953125 
-7.9559326171875 
-8.33282470703125 
-8.68682861328125 
-8.99627685546875 
-9.2816162109375 
-9.52056884765625 
-9.73114013671875 
-9.89593505859375 
-9.99969482421875 
-9.99969482421875 
-9.99969482421875 
-9.99969482421875 
-9.99969482421875 
-9.99969482421875 
-9.9761962890625 
-9.8248291015625 
-9.6453857421875 
-9.41650390625 
-9.1571044921875 
-8.8623046875 
-8.53485107421875 
-8.1732177734375 
-7.7679443359375 
-7.3455810546875 
-6.903076171875 
-6.41815185546875 
-5.91064453125 
-5.37567138671875 
-4.822998046875 
-4.26239013671875 
-3.66668701171875 
-3.0712890625 
-2.44964599609375 
-1.83624267578125 
-1.20025634765625 
-.56121826171875 
 .0701904296875 
 .70770263671875 
 1.34521484375 
 1.98638916015625 
 2.6055908203125 
 3.20159912109375 
 3.80645751953125 
 4.38323974609375 
 4.95361328125 
 5.50323486328125 
 6.02142333984375 
 6.52374267578125 
 6.9903564453125 
 7.43194580078125 
 7.8564453125 
 8.238525390625 
 8.5943603515625 
 8.9080810546875 
 9.1961669921875 
 9.43695068359375 
 9.64874267578125 
 9.8162841796875 
 9.95086669921875 
 10 
 10 
 10 
 10 
 10 
 9.903564453125 
 9.74884033203125 
 9.56634521484375 
 9.33380126953125 
 9.073486328125 
 8.77532958984375 
 8.44696044921875 
 8.08319091796875 
 7.672119140625 
 7.2491455078125 
 6.80145263671875 
 6.31561279296875 
 5.802001953125 
 5.26611328125 
 4.71099853515625 
 4.1436767578125 
 3.54461669921875 
 2.94952392578125 
 2.32757568359375 
 1.70989990234375 
 1.07147216796875 
 .42999267578125 
-.19805908203125 
-.83282470703125 
-1.47003173828125 
-2.11151123046875 
-2.725830078125 
-3.3270263671875 
-3.92486572265625 
-4.50439453125 
-5.06866455078125 
-5.61492919921875 
-6.13128662109375 
-6.63116455078125 
-7.09869384765625 
-7.53387451171875 
-7.95379638671875 
-8.33221435546875 
-8.6859130859375 
-8.99383544921875 
-9.281005859375 
-9.520263671875 
-9.72686767578125 
-9.8974609375 
-9.99969482421875 
-9.99969482421875 
-9.99969482421875 
-9.99969482421875 
-9.99969482421875 
-9.99969482421875 
-9.98016357421875 
-9.8272705078125 
-9.6453857421875 
-9.41497802734375 
-9.16046142578125 
-8.86138916015625 
-8.5345458984375 
-8.1756591796875 
-7.76519775390625 
-7.3468017578125 
-6.90216064453125 
-6.41845703125 
-5.911865234375 
-5.37872314453125 
-4.8248291015625 
-4.26361083984375 
-3.66729736328125 
-3.0712890625 
-2.45147705078125 
-1.83502197265625 
-1.20147705078125 
-.56182861328125 
 .07049560546875 
 .7049560546875 
 1.34246826171875 
 1.98516845703125 
 2.60223388671875 
 3.20068359375 
 3.80645751953125 
 4.385986328125 
 4.95697021484375 
 5.501708984375 
 6.0223388671875 
 6.5216064453125 
 6.98974609375 
 7.43316650390625 
 7.855224609375 
 8.23974609375 
 8.59527587890625 
 8.90869140625 
 9.1961669921875 
 9.43695068359375 
 9.6478271484375 
 9.81719970703125 
 9.94964599609375 
 10 
 10 
 10 
 10 
 10 
 9.90325927734375 
 9.747314453125 
 9.5660400390625 
 9.33135986328125 
 9.0740966796875 
 8.77716064453125 
 8.44940185546875 
 8.08074951171875 
 7.67669677734375 
 7.24884033203125 
 6.8011474609375 
 6.3177490234375 
 5.80657958984375 
 5.267333984375 
 4.7100830078125 
 4.14794921875 
 3.5467529296875 
 2.94952392578125 
 2.32757568359375 
 1.71142578125 
 1.07513427734375 
 .43365478515625 
-.19500732421875 
-.83221435546875 
-1.468505859375 
-2.1099853515625 
-2.72705078125 
-3.323974609375 
-3.922119140625 
-4.498291015625 
-5.067138671875 
-5.6146240234375 
-6.1297607421875 
-6.62445068359375 
-7.09503173828125 
-7.53387451171875 
-7.95257568359375 
-8.32916259765625 
-8.6859130859375 
-8.99261474609375 
-9.281005859375 
-9.51904296875 
-9.72930908203125 
-9.90081787109375 
-9.99969482421875 
-9.99969482421875 
-9.99969482421875 
-9.99969482421875 
-9.99969482421875 
-9.99969482421875 
-9.97894287109375 
-9.8260498046875 
-9.6453857421875 
-9.41680908203125 
-9.16046142578125 
-8.8623046875 
-8.53912353515625 
-8.17352294921875 
-7.76763916015625 
-7.34832763671875 
-6.905517578125 
-6.41815185546875 
-5.91400146484375 
-5.37872314453125 
-4.82452392578125 
-4.261474609375 
-3.6669921875 
-3.0712890625 
-2.45330810546875 
-1.83837890625 
-1.1993408203125 
-.5584716796875 
 .067138671875 
 .70648193359375 
 1.34063720703125 
 1.9842529296875 
 2.6025390625 
 3.19854736328125 
 3.8055419921875 
 4.3829345703125 
 4.95391845703125 
 5.499267578125 
 6.01959228515625 
 6.52313232421875 
 6.9891357421875 
 7.42889404296875 
 7.8546142578125 
 8.23577880859375 
 8.59466552734375 
 8.9056396484375 
 9.1943359375 
 9.437255859375 
 9.647216796875 
 9.81597900390625 
 9.95269775390625 
 10 
 10 
 10 
 10 
 10 
 9.90386962890625 
 9.7467041015625 
 9.56695556640625 
 9.33380126953125 
 9.0740966796875 
 8.7786865234375 
 8.44940185546875 
 8.08258056640625 
 7.67608642578125 
 7.252197265625 
 6.80389404296875 
 6.31744384765625 
 5.80718994140625 
 5.26702880859375 
 4.70916748046875 
 4.146728515625 
 3.5479736328125 
 2.9522705078125 
 2.330322265625 
 1.71478271484375 
 1.0791015625 
 .433349609375 
-.1934814453125 
-.8306884765625 
-1.46942138671875 
-2.10906982421875 
-2.7227783203125 
-3.323974609375 
-3.92364501953125 
-4.4970703125 
-5.07049560546875 
-5.61248779296875 
-6.1297607421875 
-6.62689208984375 
-7.0928955078125 
-7.53326416015625 
-7.95135498046875 
-8.3306884765625 
-8.68865966796875 
-8.992919921875 
-9.281005859375 
-9.52117919921875 
-9.7271728515625 
-9.898681640625 
-9.99969482421875 
-9.99969482421875 
-9.99969482421875 
-9.99969482421875 
-9.99969482421875 
-9.99969482421875 
-9.97955322265625 
-9.82421875 
-9.64813232421875 
-9.4183349609375 
-9.15863037109375 
-8.8629150390625 
-8.5400390625 
-8.173828125 
-7.77008056640625 
-7.34710693359375 
-6.903076171875 
-6.419677734375 
-5.9149169921875 
-5.37841796875 
-4.827880859375 
-4.26727294921875 
-3.66973876953125 
-3.07373046875 
-2.45147705078125 
-1.83807373046875 
-1.20361328125 
-.56243896484375 
 .06744384765625 
 .70648193359375 
 1.341552734375 
 1.9842529296875 
 2.60040283203125 
 3.1976318359375 
 3.80218505859375 
 4.38018798828125 
 4.95330810546875 
 5.49713134765625 
 6.01959228515625 
 6.5185546875 
 6.98944091796875 
 7.43011474609375 
 7.855224609375 
 8.2342529296875 
 8.59710693359375 
 8.9031982421875 
 9.19464111328125 
 9.437255859375 
 9.64630126953125 
 9.81781005859375 
 9.95086669921875 
 10 
 10 
 10 
 10 
 10 
 9.903564453125 
 9.7454833984375 
 9.56634521484375 
 9.33258056640625 
 9.07379150390625 
 8.7762451171875 
 8.44879150390625 
 8.0828857421875 
 7.674560546875 
 7.2515869140625 
 6.80206298828125 
 6.317138671875 
 5.80810546875 
 5.2679443359375 
 4.71099853515625 
 4.1497802734375 
 3.54766845703125 
 2.95257568359375 
 2.32940673828125 
 1.71478271484375 
 1.0784912109375 
 .4364013671875 
-.1947021484375 
-.83160400390625 
-1.46881103515625 
-2.10723876953125 
-2.72186279296875 
-3.32000732421875 
-3.9227294921875 
-4.49676513671875 
-5.069580078125 
-5.60882568359375 
-6.1285400390625 
-6.62872314453125 
-7.09136962890625 
-7.5274658203125 
-7.950439453125 
-8.32763671875 
-8.68621826171875 
-8.99169921875 
-9.27978515625 
-9.5172119140625 
-9.72625732421875 
-9.89593505859375 
-9.99969482421875 
-9.99969482421875 
-9.99969482421875 
-9.99969482421875 
-9.99969482421875 
-9.99969482421875 
-9.98016357421875 
-9.82513427734375 
-9.64874267578125 
-9.41619873046875 
-9.15863037109375 
-8.86474609375 
-8.54156494140625 
-8.17474365234375 
-7.77130126953125 
-7.35076904296875 
-6.907958984375 
-6.41845703125 
-5.916748046875 
-5.38055419921875 
-4.8309326171875 
-4.26666259765625 
-3.66668701171875 
-3.07373046875 
-2.4542236328125 
-1.84173583984375 
-1.20361328125 
-.56304931640625 
 .06866455078125 
 .70220947265625 
 1.33819580078125 
 1.98394775390625 
 2.60406494140625 
 3.1982421875 
 3.80035400390625 
 4.378662109375 
 4.9517822265625 
 5.499267578125 
 6.01837158203125 
 6.51824951171875 
 6.9879150390625 
 7.42919921875 
 7.85430908203125 
 8.2342529296875 
 8.59466552734375 
 8.9056396484375 
 9.19189453125 
 9.43572998046875 
 9.64447021484375 
 9.8162841796875 
 9.94842529296875 
 10 
 10 
 10 
 10 
 10 
 9.903564453125 
 9.74884033203125 
 9.57061767578125 
 9.3359375 
 9.078369140625 
 8.7786865234375 
 8.4527587890625 
 8.08349609375 
 7.67669677734375 
 7.25555419921875 
 6.80633544921875 
 6.3189697265625 
 5.81085205078125 
 5.27008056640625 
 4.7113037109375 
 4.14947509765625 
 3.55194091796875 
 2.95440673828125 
 2.33245849609375 
 1.71417236328125 
 1.07696533203125 
 .43975830078125 
-.19134521484375 
-.8270263671875 
-1.46697998046875 
-2.1051025390625 
-2.72125244140625 
-3.32122802734375 
-3.917236328125 
-4.49554443359375 
-5.06591796875 
-5.60882568359375 
-6.12457275390625 
-6.62811279296875 
-7.08984375 
-7.5286865234375 
-7.95135498046875 
-8.3251953125 
-8.682861328125 
-8.9935302734375 
-9.27886962890625 
-9.52117919921875 
-9.72442626953125 
-9.89501953125 
-9.99969482421875 
-9.99969482421875 
-9.99969482421875 
-9.99969482421875 
-9.99969482421875 
-9.99969482421875 
-9.97589111328125 
-9.82635498046875 
-9.64752197265625 
-9.4171142578125 
-9.16229248046875 
-8.86566162109375 
-8.541259765625 
-8.1744384765625 
-7.77374267578125 
-7.35137939453125 
-6.9091796875 
-6.422119140625 
-5.92010498046875 
-5.3814697265625 
-4.8291015625 
-4.26910400390625 
-3.6724853515625 
-3.076171875 
-2.454833984375 
-1.8426513671875 
-1.2042236328125 
-.56488037109375 
 .06622314453125 
 .70281982421875 
 1.33941650390625 
 1.97906494140625 
 2.59765625 
 3.19580078125 
 3.79791259765625 
 4.3780517578125 
 4.95025634765625 
 5.49835205078125 
 6.019287109375 
 6.519775390625 
 6.98638916015625 
 7.42767333984375 
 7.85369873046875 
 8.23394775390625 
 8.59527587890625 
 8.90411376953125 
 9.1943359375 
 9.43939208984375 
 9.64599609375 
 9.81719970703125 
 9.94964599609375 
 10 
 10 
 10 
 10 
 10 
 9.9017333984375 
 9.74884033203125 
 9.56573486328125 
 9.33380126953125 
 9.07684326171875 
 8.77593994140625 
 8.4503173828125 
 8.08319091796875 
 7.6751708984375 
 7.2540283203125 
 6.8060302734375 
 6.3201904296875 
 5.8099365234375 
 5.27313232421875 
 4.713134765625 
 4.15313720703125 
 3.5546875 
 2.9583740234375 
 2.33154296875 
 1.71844482421875 
 1.08154296875 
 .43914794921875 
-.19134521484375 
-.82366943359375 
-1.46392822265625 
-2.10540771484375 
-2.7252197265625 
-3.319091796875 
-3.91510009765625 
-4.49554443359375 
-5.06622314453125 
-5.60791015625 
-6.124267578125 
-6.62445068359375 
-7.08892822265625 
-7.525634765625 
-7.94891357421875 
-8.3251953125 
-8.68408203125 
-8.99139404296875 
-9.2791748046875 
-9.52117919921875 
-9.7235107421875 
-9.89349365234375 
-9.99969482421875 
-9.99969482421875 
-9.99969482421875 
-9.99969482421875 
-9.99969482421875 
-9.99969482421875 
-9.98077392578125 
-9.8248291015625 
-9.6484375 
-9.42169189453125 
-9.16412353515625 
-8.865966796875 
-8.54278564453125 
-8.177490234375 
-7.77557373046875 
-7.35321044921875 
-6.9085693359375 
-6.42333984375 
-5.9185791015625 
-5.38177490234375 
-4.82666015625 
-4.2694091796875 
-3.671875 
-3.076171875 
-2.457275390625 
-1.8414306640625 
-1.20452880859375 
-.56915283203125 
 .062255859375 
 .70159912109375 
 1.337890625 
 1.97845458984375 
 2.59765625 
 3.19671630859375 
 3.79669189453125 
 4.37652587890625 
 4.95269775390625 
 5.4937744140625 
 6.0186767578125 
 6.51611328125 
 6.98944091796875 
 7.427978515625 
 7.85308837890625 
 8.232421875 
 8.59375 
 8.90228271484375 
 9.1943359375 
 9.43450927734375 
 9.6435546875 
 9.815673828125 
 9.94537353515625 
 10 
 10 
 10 
 10 
 10 
 9.90264892578125 
 9.74822998046875 
 9.5660400390625 
 9.33807373046875 
 9.0802001953125 
 8.77685546875 
 8.4527587890625 
 8.08349609375 
 7.67669677734375 
 7.255859375 
 6.80633544921875 
 6.31927490234375 
 5.811767578125 
 5.272216796875 
 4.7125244140625 
 4.15740966796875 
 3.5565185546875 
 2.95654296875 
 2.332763671875 
 1.71600341796875 
 1.08062744140625 
 .4412841796875 
-.18951416015625 
-.8251953125 
-1.46270751953125 
-2.10205078125 
-2.7203369140625 
-3.31756591796875 
-3.91357421875 
-4.49249267578125 
-5.06439208984375 
-5.60272216796875 
-6.12274169921875 
-6.62200927734375 
-7.09075927734375 
-7.5299072265625 
-7.9510498046875 
-8.32183837890625 
-8.6834716796875 
-8.99078369140625 
-9.2803955078125 
-9.521484375 
-9.72198486328125 
-9.896240234375 
-9.99969482421875 
-9.99969482421875 
-9.99969482421875 
-9.99969482421875 
-9.99969482421875 
-9.99969482421875 
-9.97955322265625 
-9.82635498046875 
-9.6435546875 
-9.41680908203125 
-9.16290283203125 
-8.8641357421875 
-8.54400634765625 
-8.172607421875 
-7.77252197265625 
-7.354736328125 
-6.90765380859375 
-6.4208984375 
-5.92132568359375 
-5.38055419921875 
-4.8291015625 
-4.2706298828125 
-3.67462158203125 
-3.07830810546875 
-2.4566650390625 
-1.8438720703125 
-1.2091064453125 
-.5682373046875 
 .0653076171875 
 .69915771484375 
 1.33392333984375 
 1.97967529296875 
 2.5958251953125 
 3.19549560546875 
 3.79638671875 
 4.37591552734375 
 4.94873046875 
 5.49407958984375 
 6.0150146484375 
 6.517333984375 
 6.9873046875 
 7.4273681640625 
 7.8515625 
 8.23211669921875 
 8.5906982421875 
 8.90167236328125 
 9.1925048828125 
 9.43603515625 
 9.6441650390625 
 9.81658935546875 
 9.94476318359375 
 10 
 10 
 10 
 10 
 10 
 9.90386962890625 
 9.74822998046875 
 9.56573486328125 
 9.33685302734375 
 9.07684326171875 
 8.7799072265625 
 8.453369140625 
 8.082275390625 
 7.67852783203125 
 7.25555419921875 
 6.8072509765625 
 6.319580078125 
 5.81207275390625 
 5.27313232421875 
 4.71588134765625 
 4.1546630859375 
 3.55255126953125 
 2.95806884765625 
 2.3370361328125 
 1.71844482421875 
 1.0833740234375 
 .44281005859375 
-.1849365234375 
-.82550048828125 
-1.4599609375 
-2.10357666015625 
-2.720947265625 
-3.3148193359375 
-3.9117431640625 
-4.49188232421875 
-5.064697265625 
-5.604248046875 
-6.124267578125 
-6.6192626953125 
-7.09014892578125 
-7.52960205078125 
-7.9461669921875 
-8.3221435546875 
-8.6822509765625 
-8.9874267578125 
-9.2767333984375 
-9.52056884765625 
-9.72320556640625 
-9.8956298828125 
-9.99969482421875 
-9.99969482421875 
-9.99969482421875 
-9.99969482421875 
-9.99969482421875 
-9.99969482421875 
-9.97894287109375 
-9.825439453125 
-9.65179443359375 
-9.4189453125 
-9.1650390625 
-8.86962890625 
-8.5443115234375 
-8.177490234375 
-7.77313232421875 
-7.35565185546875 
-6.9110107421875 
-6.42364501953125 
-5.9210205078125 
-5.38238525390625 
-4.83062744140625 
-4.2730712890625 
-3.67584228515625 
-3.08197021484375 
-2.459716796875 
-1.8450927734375 
-1.20849609375 
-.56915283203125 
 .06378173828125 
 .6988525390625 
 1.3360595703125 
 1.97662353515625 
 2.59246826171875 
 3.1939697265625 
 3.7939453125 
 4.37530517578125 
 4.94903564453125 
 5.49346923828125 
 6.0137939453125 
 6.51458740234375 
 6.9866943359375 
 7.42645263671875 
 7.85064697265625 
 8.22967529296875 
 8.59161376953125 
 8.90228271484375 
 9.19281005859375 
 9.43603515625 
 9.64508056640625 
 9.8162841796875 
 9.94598388671875 
 10 
 10 
 10 
 10 
 10 
 9.9017333984375 
 9.7467041015625 
 9.56787109375 
 9.33685302734375 
 9.080810546875 
 8.78143310546875 
 8.45489501953125 
 8.08502197265625 
 7.679443359375 
 7.2576904296875 
 6.80633544921875 
 6.32049560546875 
 5.816650390625 
 5.27587890625 
 4.7161865234375 
 4.1552734375 
 3.55712890625 
 2.96051025390625 
 2.3358154296875 
 1.72271728515625 
 1.08154296875 
 .443115234375 
-.18646240234375 
-.82244873046875 
-1.461181640625 
-2.1014404296875 
-2.71697998046875 
-3.31451416015625 
-3.91357421875 
-4.4891357421875 
-5.0634765625 
-5.60028076171875 
-6.12152099609375 
-6.6192626953125 
-7.0880126953125 
-7.52532958984375 
-7.943115234375 
-8.323974609375 
-8.68011474609375 
-8.988037109375 
-9.2779541015625 
-9.5196533203125 
-9.72198486328125 
-9.89654541015625 
-9.99969482421875 
-9.99969482421875 
-9.99969482421875 
-9.99969482421875 
-9.99969482421875 
-9.99969482421875 
-9.9786376953125 
-9.82666015625 
-9.647216796875 
-9.42138671875 
-9.16473388671875 
-8.86627197265625 
-8.54522705078125 
-8.1744384765625 
-7.77557373046875 
-7.35748291015625 
-6.910400390625 
-6.42181396484375 
-5.92254638671875 
-5.3875732421875 
-4.830322265625 
-4.27459716796875 
-3.67767333984375 
-3.08135986328125 
-2.46002197265625 
-1.84722900390625 
-1.21002197265625 
-.57403564453125 
 .05950927734375 
 .69580078125 
 1.33270263671875 
 1.97418212890625 
 2.593994140625 
 3.1903076171875 
 3.7939453125 
 4.3743896484375 
 4.94842529296875 
 5.48828125 
 6.0113525390625 
 6.51092529296875 
 6.98699951171875 
 7.4261474609375 
 7.84881591796875 
 8.23089599609375 
 8.59130859375 
 8.8995361328125 
 9.19158935546875 
 9.43603515625 
 9.64202880859375 
 9.818115234375 
 9.94537353515625 
 10 
 10 
 10 
 10 
 10 
 9.9041748046875 
 9.75067138671875 
 9.56756591796875 
 9.33868408203125 
 9.08111572265625 
 8.78021240234375 
 8.45611572265625 
 8.084716796875 
 7.6788330078125 
 7.25921630859375 
 6.80938720703125 
 6.319580078125 
 5.81787109375 
 5.27618408203125 
 4.716796875 
 4.15802001953125 
 3.5577392578125 
 2.9620361328125 
 2.33642578125 
 1.72027587890625 
 1.08551025390625 
 .4443359375 
-.185546875 
-.82061767578125 
-1.458740234375 
-2.10113525390625 
-2.716064453125 
-3.31390380859375 
-3.909912109375 
-4.490966796875 
-5.0634765625 
-5.60577392578125 
-6.1224365234375 
-6.617431640625 
-7.091064453125 
-7.5250244140625 
-7.94586181640625 
-8.321533203125 
-8.6810302734375 
-8.9898681640625 
-9.2791748046875 
-9.52117919921875 
-9.720458984375 
-9.896240234375 
-9.99969482421875 
-9.99969482421875 
-9.99969482421875 
-9.99969482421875 
-9.99969482421875 
-9.99969482421875 
-9.9822998046875 
-9.822998046875 
-9.64630126953125 
-9.422607421875 
-9.16473388671875 
-8.8665771484375 
-8.54400634765625 
-8.175048828125 
-7.77984619140625 
-7.35687255859375 
-6.9122314453125 
-6.42578125 
-5.92620849609375 
-5.3857421875 
-4.83245849609375 
-4.27337646484375 
-3.67889404296875 
-3.08319091796875 
-2.46368408203125 
-1.85028076171875 
-1.21185302734375 
-.5743408203125 
 .05828857421875 
 .69580078125 
 1.33392333984375 
 1.9732666015625 
 2.58880615234375 
 3.1915283203125 
 3.790283203125 
 4.3719482421875 
 4.9481201171875 
 5.48858642578125 
 6.00799560546875 
 6.5118408203125 
 6.98455810546875 
 7.425537109375 
 7.84698486328125 
 8.2275390625 
 8.59039306640625 
 8.9013671875 
 9.18975830078125 
 9.43572998046875 
 9.639892578125 
 9.818115234375 
 9.94415283203125 
 10 
 10 
 10 
 10 
 10 
 9.903564453125 
 9.75006103515625 
 9.56634521484375 
 9.33746337890625 
 9.08050537109375 
 8.780517578125 
 8.45733642578125 
 8.08441162109375 
 7.681884765625 
 7.25830078125 
 6.810302734375 
 6.32080078125 
 5.8184814453125 
 5.2777099609375 
 4.7186279296875 
 4.16107177734375 
 3.55926513671875 
 2.9656982421875 
 2.33917236328125 
 1.7236328125 
 1.08612060546875 
 .45013427734375 
-.1861572265625 
-.8209228515625 
-1.455078125 
-2.098388671875 
-2.7142333984375 
-3.311767578125 
-3.90716552734375 
-4.486083984375 
-5.06103515625 
-5.60302734375 
-6.1199951171875 
-6.61865234375 
-7.0867919921875 
-7.5250244140625 
-7.9449462890625 
-8.32183837890625 
-8.6810302734375 
-8.9862060546875 
-9.27734375 
-9.51751708984375 
-9.72198486328125 
-9.896240234375 
-9.99969482421875 
-9.99969482421875 
-9.99969482421875 
-9.99969482421875 
-9.99969482421875 
-9.99969482421875 
-9.98077392578125 
-9.82666015625 
-9.6484375 
-9.42138671875 
-9.16595458984375 
-8.8671875 
-8.54522705078125 
-8.1781005859375 
-7.77740478515625 
-7.36083984375 
-6.9134521484375 
-6.424560546875 
-5.9259033203125 
-5.390625 
-4.83245849609375 
-4.27459716796875 
-3.67950439453125 
-3.08502197265625 
-2.46429443359375 
-1.85028076171875 
-1.21185302734375 
-.57342529296875 
 .057373046875 
 .6951904296875 
 1.32843017578125 
 1.96990966796875 
 2.591552734375 
 3.18939208984375 
 3.7884521484375 
 4.37164306640625 
 4.94415283203125 
 5.4864501953125 
 6.00982666015625 
 6.51031494140625 
 6.98333740234375 
 7.42431640625 
 7.845458984375 
 8.22784423828125 
 8.58856201171875 
 8.89739990234375 
 9.18853759765625 
 9.43572998046875 
 9.63623046875 
 9.81597900390625 
 9.9432373046875 
 10 
 10 
 10 
 10 
 10 
 9.9017333984375 
 9.75006103515625 
 9.56695556640625 
 9.34326171875 
 9.08294677734375 
 8.78387451171875 
 8.458251953125 
 8.08746337890625 
 7.685546875 
 7.26104736328125 
 6.8109130859375 
 6.322021484375 
 5.81756591796875 
 5.277099609375 
 4.71710205078125 
 4.15863037109375 
 3.5614013671875 
 2.96417236328125 
 2.34130859375 
 1.722412109375 
 1.08856201171875 
 .44891357421875 
-.18310546875 
-.81878662109375 
-1.45721435546875 
-2.09442138671875 
-2.71575927734375 
-3.309326171875 
-3.90625 
-4.4873046875 
-5.06256103515625 
-5.59722900390625 
-6.1163330078125 
-6.61468505859375 
-7.08984375 
-7.5250244140625 
-7.9425048828125 
-8.316650390625 
-8.68011474609375 
-8.98712158203125 
-9.273681640625 
-9.51934814453125 
-9.72137451171875 
-9.90081787109375 
-9.99969482421875 
-9.99969482421875 
-9.99969482421875 
-9.99969482421875 
-9.99969482421875 
-9.99969482421875 
-9.9774169921875 
-9.8248291015625 
-9.64996337890625 
-9.41986083984375 
-9.1656494140625 
-8.873291015625 
-8.5479736328125 
-8.1817626953125 
-7.7801513671875 
-7.3626708984375 
-6.9122314453125 
-6.4263916015625 
-5.92620849609375 
-5.390625 
-4.83551025390625 
-4.27581787109375 
-3.68072509765625 
-3.08746337890625 
-2.46185302734375 
-1.85089111328125 
-1.21429443359375 
-.576171875 
 .05645751953125 
 .69305419921875 
 1.33148193359375 
 1.9677734375 
 2.58880615234375 
 3.1878662109375 
 3.7872314453125 
 4.3695068359375 
 4.9432373046875 
 5.4864501953125 
 6.00738525390625 
 6.510009765625 
 6.98211669921875 
 7.423095703125 
 7.8460693359375 
 8.22540283203125 
 8.5870361328125 
 8.89923095703125 
 9.19189453125 
 9.4366455078125 
 9.64019775390625 
 9.81597900390625 
 9.94537353515625 
 10 
 10 
 10 
 10 
 10 
 9.90234375 
 9.74884033203125 
 9.569091796875 
 9.34112548828125 
 9.083251953125 
 8.78387451171875 
 8.4576416015625 
 8.08563232421875 
 7.68646240234375 
 7.261962890625 
 6.81121826171875 
 6.32049560546875 
 5.81817626953125 
 5.2801513671875 
 4.7198486328125 
 4.16046142578125 
 3.56353759765625 
 2.96478271484375 
 2.34130859375 
 1.7242431640625 
 1.0870361328125 
 .45074462890625 
-.18341064453125 
-.81634521484375 
-1.456298828125 
-2.0941162109375 
-2.71026611328125 
-3.30810546875 
-3.90625 
-4.48822021484375 
-5.05828857421875 
-5.59478759765625 
-6.11602783203125 
-6.6143798828125 
-7.08648681640625 
-7.52410888671875 
-7.9461669921875 
-8.31878662109375 
-8.680419921875 
-8.98895263671875 
-9.2742919921875 
-9.52056884765625 
-9.7174072265625 
-9.89654541015625 
-9.99969482421875 
-9.99969482421875 
-9.99969482421875 
-9.99969482421875 
-9.99969482421875 
-9.99969482421875 
-9.97894287109375 
-9.83001708984375 
-9.64813232421875 
-9.4244384765625 
-9.1680908203125 
-8.870849609375 
-8.54888916015625 
-8.18206787109375 
-7.781982421875 
-7.3614501953125 
-6.91558837890625 
-6.42425537109375 
-5.927734375 
-5.39154052734375 
-4.83734130859375 
-4.2755126953125 
-3.6834716796875 
-3.0877685546875 
-2.46612548828125 
-1.8499755859375 
-1.21337890625 
-.57769775390625 
 .05645751953125 
 .689697265625 
 1.32843017578125 
 1.96746826171875 
 2.589111328125 
 3.18450927734375 
 3.78570556640625 
 4.37042236328125 
 4.94537353515625 
 5.48614501953125 
 6.00738525390625 
 6.50848388671875 
 6.98455810546875 
 7.42401123046875 
 7.84637451171875 
 8.223876953125 
 8.5858154296875 
 8.89984130859375 
 9.18914794921875 
 9.43695068359375 
 9.63714599609375 
 9.8162841796875 
 9.940185546875 
 10 
 10 
 10 
 10 
 10 
 9.903564453125 
 9.7491455078125 
 9.56787109375 
 9.3414306640625 
 9.0826416015625 
 8.78631591796875 
 8.45977783203125 
 8.08746337890625 
 7.68707275390625 
 7.2613525390625 
 6.81121826171875 
 6.3226318359375 
 5.82183837890625 
 5.28167724609375 
 4.7222900390625 
 4.1619873046875 
 3.56414794921875 
 2.96722412109375 
 2.34100341796875 
 1.727294921875 
 1.090087890625 
 .4486083984375 
-.1824951171875 
-.8172607421875 
-1.45111083984375 
-2.0928955078125 
-2.7093505859375 
-3.30780029296875 
-3.905029296875 
-4.4866943359375 
-5.05706787109375 
-5.59478759765625 
-6.11419677734375 
-6.61590576171875 
-7.08465576171875 
-7.52410888671875 
-7.9412841796875 
-8.3172607421875 
-8.67523193359375 
-8.9874267578125 
-9.27215576171875 
-9.52056884765625 
-9.72137451171875 
-9.89593505859375 
-9.99969482421875 
-9.99969482421875 
-9.99969482421875 
-9.99969482421875 
-9.99969482421875 
-9.99969482421875 
-9.98016357421875 
-9.83001708984375 
-9.64752197265625 
-9.422607421875 
-9.16656494140625 
-8.870849609375 
-8.54766845703125 
-8.1768798828125 
-7.784423828125 
-7.3626708984375 
-6.91558837890625 
-6.42974853515625 
-5.92926025390625 
-5.394287109375 
-4.83642578125 
-4.27764892578125 
-3.68682861328125 
-3.0859375 
-2.46612548828125 
-1.85028076171875 
-1.21734619140625 
-.57769775390625 
 .0537109375 
 .6903076171875 
 1.32354736328125 
 1.96624755859375 
 2.58636474609375 
 3.184814453125 
 3.78448486328125 
 4.368896484375 
 4.94293212890625 
 5.4815673828125 
 6.00494384765625 
 6.50787353515625 
 6.9842529296875 
 7.42218017578125 
 7.84271240234375 
 8.2244873046875 
 8.58551025390625 
 8.89678955078125 
 9.18731689453125 
 9.4354248046875 
 9.63623046875 
 9.8162841796875 
 9.93865966796875 
 10 
 10 
 10 
 10 
 10 
 9.90325927734375 
 9.7509765625 
 9.56878662109375 
 9.3450927734375 
 9.08477783203125 
 8.78814697265625 
 8.4600830078125 
 8.087158203125 
 7.68707275390625 
 7.265625 
 6.810302734375 
 6.32354736328125 
 5.82244873046875 
 5.2813720703125 
 4.72137451171875 
 4.1607666015625 
 3.5662841796875 
 2.967529296875 
 2.3455810546875 
 1.72760009765625 
 1.0894775390625 
 .450439453125 
-.18157958984375 
-.81634521484375 
-1.45172119140625 
-2.091064453125 
-2.71087646484375 
-3.306884765625 
-3.90533447265625 
-4.482421875 
-5.05706787109375 
-5.59417724609375 
-6.11358642578125 
-6.61285400390625 
-7.0867919921875 
-7.52166748046875 
-7.940673828125 
-8.31695556640625 
-8.67767333984375 
-8.988037109375 
-9.27337646484375 
-9.517822265625 
-9.716796875 
-9.8968505859375 
-9.99969482421875 
-9.99969482421875 
-9.99969482421875 
-9.99969482421875 
-9.99969482421875 
-9.99969482421875 
-9.97711181640625 
-9.83001708984375 
-9.64691162109375 
-9.42657470703125 
-9.1693115234375 
-8.87115478515625 
-8.55072021484375 
-8.18328857421875 
-7.7813720703125 
-7.3638916015625 
-6.9146728515625 
-6.42730712890625 
-5.93017578125 
-5.39825439453125 
-4.840087890625 
-4.27764892578125 
-3.687744140625 
-3.0914306640625 
-2.46917724609375 
-1.85638427734375 
-1.21612548828125 
-.5804443359375 
 .05279541015625 
 .6890869140625 
 1.3262939453125 
 1.96441650390625 
 2.58514404296875 
 3.1817626953125 
 3.782958984375 
 4.36767578125 
 4.9420166015625 
 5.4815673828125 
 6.0003662109375 
 6.50604248046875 
 6.983642578125 
 7.4237060546875 
 7.841796875 
 8.223876953125 
 8.58734130859375 
 8.8995361328125 
 9.18609619140625 
 9.43359375 
 9.63836669921875 
 9.8162841796875 
 9.94171142578125 
 10 
 10 
 10 
 10 
 10 
 9.9005126953125 
 9.7509765625 
 9.569091796875 
 9.34478759765625 
 9.08416748046875 
 8.7841796875 
 8.45947265625 
 8.08746337890625 
 7.6898193359375 
 7.26226806640625 
 6.8109130859375 
 6.326904296875 
 5.8245849609375 
 5.28564453125 
 4.72503662109375 
 4.163818359375 
 3.56689453125 
 2.96722412109375 
 2.3455810546875 
 1.73095703125 
 1.0931396484375 
 .45257568359375 
-.17730712890625 
-.81268310546875 
-1.45294189453125 
-2.0904541015625 
-2.70751953125 
-3.30596923828125 
-3.90289306640625 
-4.48211669921875 
-5.05767822265625 
-5.59295654296875 
-6.114501953125 
-6.6107177734375 
-7.0867919921875 
-7.5244140625 
-7.94281005859375 
-8.3160400390625 
-8.67523193359375 
-8.9874267578125 
-9.27001953125 
-9.51904296875 
-9.718017578125 
-9.89776611328125 
-9.99969482421875 
-9.99969482421875 
-9.99969482421875 
-9.99969482421875 
-9.99969482421875 
-9.99969482421875 
-9.97955322265625 
-9.82940673828125 
-9.64691162109375 
-9.427490234375 
-9.171142578125 
-8.87176513671875 
-8.54644775390625 
-8.1781005859375 
-7.78564453125 
-7.36541748046875 
-6.915283203125 
-6.42791748046875 
-5.93017578125 
-5.39764404296875 
-4.8406982421875 
-4.28009033203125 
-3.68927001953125 
-3.09173583984375 
-2.471923828125 
-1.854248046875 
-1.2176513671875 
-.58197021484375 
 .05035400390625 
 .68572998046875 
 1.32598876953125 
 1.96258544921875 
 2.581787109375 
 3.18328857421875 
 3.78082275390625 
 4.3670654296875 
 4.94110107421875 
 5.48126220703125 
 6.00372314453125 
 6.50482177734375 
 6.98333740234375 
 7.420654296875 
 7.841796875 
 8.22479248046875 
 8.58367919921875 
 8.89923095703125 
 9.185791015625 
 9.43359375 
 9.6380615234375 
 9.814453125 
 9.9395751953125 
 10 
 10 
 10 
 10 
 10 
 9.90234375 
 9.74945068359375 
 9.5709228515625 
 9.34661865234375 
 9.0875244140625 
 8.7890625 
 8.4600830078125 
 8.09051513671875 
 7.69073486328125 
 7.26531982421875 
 6.810302734375 
 6.32598876953125 
 5.82427978515625 
 5.2850341796875 
 4.72564697265625 
 4.1644287109375 
 3.56964111328125 
 2.96905517578125 
 2.34832763671875 
 1.7303466796875 
 1.09375 
 .4571533203125 
-.17608642578125 
-.8135986328125 
-1.44989013671875 
-2.08740234375 
-2.7081298828125 
-3.30169677734375 
-3.89862060546875 
-4.48150634765625 
-5.054931640625 
-5.59326171875 
-6.11083984375 
-6.61102294921875 
-7.088623046875 
-7.5225830078125 
-7.9376220703125 
-8.31878662109375 
-8.67584228515625 
-8.98773193359375 
-9.27001953125 
-9.5159912109375 
-9.716796875 
-9.89471435546875 
-9.99969482421875 
-9.99969482421875 
-9.99969482421875 
-9.99969482421875 
-9.99969482421875 
-9.99969482421875 
-9.97772216796875 
-9.82818603515625 
-9.65118408203125 
-9.42901611328125 
-9.16839599609375 
-8.87420654296875 
-8.55224609375 
-8.1817626953125 
-7.78656005859375 
-7.366943359375 
-6.9134521484375 
-6.43157958984375 
-5.9332275390625 
-5.39642333984375 
-4.8431396484375 
-4.28192138671875 
-3.6907958984375 
-3.09326171875 
-2.47283935546875 
-1.85791015625 
-1.2200927734375 
-.5841064453125 
 .05035400390625 
 .68511962890625 
 1.32354736328125 
 1.961669921875 
 2.581787109375 
 3.1805419921875 
 3.78082275390625 
 4.36492919921875 
 4.93896484375 
 5.47821044921875 
 6.00128173828125 
 6.5032958984375 
 6.97845458984375 
 7.4212646484375 
 7.84149169921875 
 8.22174072265625 
 8.5833740234375 
 8.8983154296875 
 9.1839599609375 
 9.4366455078125 
 9.6356201171875 
 9.81536865234375 
 9.93865966796875 
 10 
 10 
 10 
 10 
 10 
 9.90325927734375 
 9.75311279296875 
 9.56817626953125 
 9.3463134765625 
 9.08660888671875 
 8.78662109375 
 8.4576416015625 
 8.0908203125 
 7.69317626953125 
 7.266845703125 
 6.8145751953125 
 6.32965087890625 
 5.82305908203125 
 5.28900146484375 
 4.727783203125 
 4.16839599609375 
 3.56903076171875 
 2.97271728515625 
 2.34527587890625 
 1.73126220703125 
 1.09619140625 
 .4571533203125 
-.17333984375 
-.81146240234375 
-1.44744873046875 
-2.09075927734375 
-2.70751953125 
-3.30047607421875 
-3.90106201171875 
-4.4830322265625 
-5.05218505859375 
-5.5908203125 
-6.11236572265625 
-6.60675048828125 
-7.08160400390625 
-7.51922607421875 
-7.9400634765625 
-8.31268310546875 
-8.6737060546875 
-8.9886474609375 
-9.271240234375 
-9.51568603515625 
-9.7198486328125 
-9.8968505859375 
-9.99969482421875 
-9.99969482421875 
-9.99969482421875 
-9.99969482421875 
-9.99969482421875 
-9.99969482421875 
-9.9774169921875 
-9.83154296875 
-9.64996337890625 
-9.4256591796875 
-9.17144775390625 
-8.8751220703125 
-8.5498046875 
-8.18023681640625 
-7.7880859375 
-7.3681640625 
-6.9158935546875 
-6.42974853515625 
-5.93231201171875 
-5.40008544921875 
-4.840087890625 
-4.28253173828125 
-3.68896484375 
-3.09539794921875 
-2.474365234375 
-1.85821533203125 
-1.2200927734375 
-.584716796875 
 .047607421875 
 .6854248046875 
 1.3226318359375 
 1.95892333984375 
 2.5830078125 
 3.17779541015625 
 3.7799072265625 
 4.36370849609375 
 4.9359130859375 
 5.47882080078125 
 5.9991455078125 
 6.502685546875 
 6.981201171875 
 7.4200439453125 
 7.8399658203125 
 8.22113037109375 
 8.580322265625 
 8.897705078125 
 9.1815185546875 
 9.4329833984375 
 9.63836669921875 
 9.8150634765625 
 9.9395751953125 
 10 
 10 
 10 
 10 
 10 
 9.903564453125 
 9.752197265625 
 9.5703125 
 9.3463134765625 
 9.0850830078125 
 8.78936767578125 
 8.45916748046875 
 8.0908203125 
 7.69073486328125 
 7.2662353515625 
 6.81549072265625 
 6.32904052734375 
 5.8251953125 
 5.289306640625 
 4.72991943359375 
 4.1693115234375 
 3.57086181640625 
 2.9730224609375 
 2.35107421875 
 1.73187255859375 
 1.09588623046875 
 .4595947265625 
-.17333984375 
-.81146240234375 
-1.44744873046875 
-2.08740234375 
-2.706298828125 
-3.30108642578125 
-3.89984130859375 
-4.48028564453125 
-5.052490234375 
-5.592041015625 
-6.10931396484375 
-6.607666015625 
-7.08465576171875 
-7.52105712890625 
-7.9400634765625 
-8.31390380859375 
-8.671875 
-8.9874267578125 
-9.26788330078125 
-9.51446533203125 
-9.7186279296875 
-9.8944091796875 
-9.99969482421875 
-9.99969482421875 
-9.99969482421875 
-9.99969482421875 
-9.99969482421875 
-9.99969482421875 
-9.981689453125 
-9.83184814453125 
-9.64874267578125 
-9.43023681640625 
-9.17449951171875 
-8.8787841796875 
-8.5498046875 
-8.18511962890625 
-7.789306640625 
-7.36846923828125 
-6.9195556640625 
-6.43280029296875 
-5.93475341796875 
-5.3997802734375 
-4.84588623046875 
-4.28497314453125 
-3.69293212890625 
-3.09600830078125 
-2.4737548828125 
-1.8609619140625 
-1.2249755859375 
-.5859375 
 .0445556640625 
 .68267822265625 
 1.31988525390625 
 1.959228515625 
 2.58270263671875 
 3.17657470703125 
 3.77777099609375 
 4.3609619140625 
 4.93560791015625 
 5.47882080078125 
 5.9991455078125 
 6.4984130859375 
 6.98028564453125 
 7.41973876953125 
 7.840576171875 
 8.22021484375 
 8.58062744140625 
 8.89923095703125 
 9.1827392578125 
 9.43359375 
 9.63348388671875 
 9.8138427734375 
 9.9371337890625 
 10 
 10 
 10 
 10 
 10 
 9.90447998046875 
 9.75433349609375 
 9.57122802734375 
 9.3463134765625 
 9.08966064453125 
 8.79241943359375 
 8.45947265625 
 8.092041015625 
 7.69287109375 
 7.266845703125 
 6.81549072265625 
 6.32904052734375 
 5.82550048828125 
 5.2880859375 
 4.7296142578125 
 4.169921875 
 3.57147216796875 
 2.9742431640625 
 2.35198974609375 
 1.7340087890625 
 1.10015869140625 
 .46173095703125 
-.172119140625 
-.8099365234375 
-1.44256591796875 
-2.0849609375 
-2.706298828125 
-3.2989501953125 
-3.89434814453125 
-4.47723388671875 
-5.0482177734375 
-5.58929443359375 
-6.10565185546875 
-6.605224609375 
-7.08099365234375 
-7.52166748046875 
-7.93548583984375 
-8.31878662109375 
-8.673095703125 
-8.98773193359375 
-9.26666259765625 
-9.51629638671875 
-9.71771240234375 
-9.892578125 
-9.99969482421875 
-9.99969482421875 
-9.99969482421875 
-9.99969482421875 
-9.99969482421875 
-9.99969482421875 
-9.97894287109375 
-9.83306884765625 
-9.64996337890625 
-9.43023681640625 
-9.173583984375 
-8.87664794921875 
-8.55133056640625 
-8.18603515625 
-7.78900146484375 
-7.3675537109375 
-6.91650390625 
-6.4324951171875 
-5.93505859375 
-5.40374755859375 
-4.844970703125 
-4.28558349609375 
-3.68988037109375 
-3.09600830078125 
-2.47589111328125 
-1.859130859375 
-1.224365234375 
-.589599609375 
 .04364013671875 
 .679931640625 
 1.31622314453125 
 1.95831298828125 
 2.58087158203125 
 3.17718505859375 
 3.77410888671875 
 4.36370849609375 
 4.9346923828125 
 5.47576904296875 
