波形频率  2 KHz   幅值 06.9901 V
 
采样数据为
07.06848
07.06787
07.06726
07.06757
07.06787
07.06757
-06.67908
-06.84448
-06.88263
-06.90125
-06.91498
-06.92444
-06.93268
-06.93909
-06.94580
-06.95007
-06.95465
-06.95892
-06.96198
-06.96442
-06.96869
-06.96930
-06.97174
-06.97449
-06.97510
-06.97754
-06.97876
-06.97937
-06.98120
-06.98181
-06.98242
-06.98303
-06.98364
-06.98303
-06.98364
-06.98456
-06.98456
-06.98517
-06.98517
-06.98639
-06.98639
-06.98700
-06.98669
-06.98639
-06.98669
-06.98700
-06.98730
-06.98761
-06.98792
-06.98822
-06.98792
-06.98914
-06.98792
-06.98883
-06.98792
-06.98883
06.75476
06.92474
06.96289
06.98151
06.99463
07.00470
07.01202
07.01904
07.02393
07.03003
07.03400
07.03827
07.04132
07.04437
07.04712
07.04956
07.05139
07.05292
07.05505
07.05688
07.05750
07.05902
07.06055
07.06146
07.06238
07.06299
07.06360
07.06512
07.06482
07.06573
07.06512
07.06604
07.06665
07.06604
07.06604
07.06696
07.06635
07.06635
07.06665
07.06604
07.06635
07.06635
07.06696
07.06726
07.06787
07.06726
07.06787
07.06818
07.06848
07.06848
-06.67938
-06.84509
-06.88354
-06.90186
-06.91528
-06.92566
-06.93390
-06.94122
-06.94519
-06.95129
-06.95404
-06.95923
-06.96198
-06.96411
-06.96747
-06.96899
-06.97174
-06.97296
-06.97510
-06.97693
-06.97845
-06.97968
-06.98029
-06.98090
-06.98181
-06.98242
-06.98303
-06.98395
-06.98425
-06.98486
-06.98486
-06.98639
-06.98639
-06.98669
-06.98639
-06.98669
-06.98700
-06.98730
-06.98700
-06.98669
-06.98761
-06.98608
-06.98730
-06.98608
-06.98700
-06.98761
-06.98700
-06.98761
-06.98761
-06.98792
06.75354
06.92352
06.96198
06.98059
06.99432
07.00439
07.01324
07.01965
07.02576
07.03033
07.03461
07.03857
07.04193
07.04468
07.04742
07.04895
07.05109
07.05292
07.05475
07.05597
07.05780
07.05872
07.05963
07.06085
07.06207
07.06207
07.06299
07.06421
07.06360
07.06482
07.06573
07.06604
07.06604
07.06665
07.06665
07.06696
07.06665
07.06696
07.06726
07.06665
07.06757
07.06757
07.06726
07.06726
07.06726
07.06757
07.06787
07.06787
07.06787
07.06726
-06.67755
-06.84387
-06.88232
-06.90125
-06.91528
-06.92352
-06.93329
-06.93970
-06.94519
-06.95099
-06.95526
-06.95923
-06.96259
-06.96564
-06.96838
-06.97052
-06.97296
-06.97388
-06.97632
-06.97693
-06.97876
-06.97937
-06.97968
-06.98120
-06.98181
-06.98242
-06.98303
-06.98334
-06.98425
-06.98456
-06.98425
-06.98517
-06.98608
-06.98608
-06.98639
-06.98669
-06.98639
-06.98761
-06.98730
-06.98700
-06.98761
-06.98700
-06.98822
-06.98792
-06.98822
-06.98883
-06.98853
-06.98853
-06.98883
-06.98822
06.75262
06.92291
06.96106
06.97998
06.99402
07.00378
07.01233
07.01935
07.02515
07.03033
07.03491
07.03827
07.04224
07.04529
07.04742
07.04956
07.05170
07.05383
07.05536
07.05750
07.05780
07.05963
07.06085
07.06146
07.06238
07.06238
07.06299
07.06421
07.06421
07.06421
07.06543
07.06482
07.06543
07.06543
07.06604
07.06635
07.06665
07.06635
07.06696
07.06696
07.06757
07.06696
07.06787
07.06757
07.06818
07.06787
07.06818
07.06879
07.06787
07.06848
-06.67938
-06.84540
-06.88324
-06.90094
-06.91498
-06.92474
-06.93329
-06.93970
-06.94519
-06.95099
-06.95465
-06.95892
-06.96228
-06.96472
-06.96747
-06.96991
-06.97174
-06.97388
-06.97510
-06.97784
-06.97876
-06.97998
-06.98120
-06.98151
-06.98242
-06.98273
-06.98364
-06.98334
-06.98364
-06.98395
-06.98456
-06.98364
-06.98669
-06.98456
-06.98517
-06.98669
-06.98639
-06.98700
-06.98700
-06.98730
-06.98792
-06.98761
-06.98730
-06.98761
-06.98792
-06.98761
-06.98761
-06.98822
-06.98883
-06.98883
06.75323
06.92261
06.96228
06.98090
06.99402
07.00317
07.01172
07.01965
07.02423
07.03064
07.03461
07.03827
07.04163
07.04498
07.04834
07.04834
07.05200
07.05353
07.05536
07.05719
07.05841
07.05963
07.06085
07.06116
07.06207
07.06268
07.06299
07.06329
07.06421
07.06421
07.06482
07.06482
07.06573
07.06573
07.06543
07.06635
07.06665
07.06665
07.06696
07.06726
07.06787
07.06726
07.06757
07.06787
07.06757
07.06909
07.06757
07.06909
07.06909
07.06818
-06.70532
-06.85120
-06.88599
-06.90369
-06.91711
-06.92719
-06.93481
-06.94153
-06.94794
-06.95190
-06.95648
-06.96045
-06.96381
-06.96625
-06.96899
-06.97205
-06.97296
-06.97540
-06.97693
-06.97845
-06.98029
-06.98120
-06.98212
-06.98303
-06.98334
-06.98486
-06.98425
-06.98639
-06.98639
-06.98700
-06.98730
-06.98730
-06.98730
-06.98761
-06.98822
-06.98792
-06.98853
-06.98883
-06.98822
-06.98822
-06.98883
-06.98883
-06.98883
-06.98853
-06.98883
-06.98944
-06.99005
-06.98944
-06.98944
-06.99005
06.77673
06.92871
06.96381
06.98151
06.99463
07.00470
07.01294
07.02057
07.02545
07.03186
07.03461
07.03949
07.04285
07.04498
07.04834
07.04956
07.05200
07.05322
07.05505
07.05597
07.05780
07.05841
07.05963
07.06085
07.06146
07.06177
07.06177
07.06299
07.06329
07.06360
07.06451
07.06512
07.06543
07.06635
07.06635
07.06696
07.06696
07.06726
07.06757
07.06757
07.06787
07.06726
07.06879
07.06787
07.06818
07.06848
07.06787
07.06818
07.06818
07.06757
-06.67816
-06.84479
-06.88293
-06.90186
-06.91559
-06.92444
-06.93298
-06.93970
-06.94672
-06.95129
-06.95526
-06.95953
-06.96289
-06.96533
-06.96838
-06.97052
-06.97235
-06.97418
-06.97632
-06.97693
-06.97876
-06.97876
-06.98120
-06.98059
-06.98181
-06.98242
-06.98242
-06.98303
-06.98303
-06.98395
-06.98395
-06.98456
-06.98486
-06.98639
-06.98639
-06.98639
-06.98761
-06.98730
-06.98792
-06.98792
-06.98822
-06.98822
-06.98792
-06.98761
-06.98822
-06.98761
-06.98822
-06.98914
-06.98822
-06.98883
06.75293
06.92261
06.96167
06.98029
06.99463
07.00287
07.01263
07.01904
07.02423
07.03064
07.03522
07.03918
07.04193
07.04559
07.04834
07.05017
07.05200
07.05353
07.05597
07.05719
07.05811
07.05811
07.06055
07.06085
07.06177
07.06238
07.06268
07.06299
07.06329
07.06482
07.06451
07.06482
07.06543
07.06573
07.06543
07.06665
07.06635
07.06787
07.06665
07.06726
07.06818
07.06757
07.06787
07.06726
07.06818
07.06818
07.06879
07.06879
07.06848
07.06848
-06.70410
-06.85089
-06.88568
-06.90338
-06.91711
-06.92719
-06.93512
-06.94214
-06.94763
-06.95221
-06.95648
-06.96045
-06.96350
-06.96655
-06.96899
-06.97113
-06.97327
-06.97601
-06.97662
-06.97906
-06.98059
-06.97998
-06.98181
-06.98242
-06.98334
-06.98425
-06.98456
-06.98517
-06.98486
-06.98669
-06.98669
-06.98700
-06.98730
-06.98761
-06.98761
-06.98822
-06.98822
-06.98914
-06.98853
-06.98883
-06.98883
-06.98883
-06.98914
-06.98914
-06.98944
-06.98944
-06.99005
-06.98944
-06.99005
-06.99005
06.77673
06.92993
06.96381
06.98151
06.99554
07.00470
07.01294
07.01996
07.02637
07.03125
07.03552
07.03857
07.04193
07.04498
07.04742
07.04926
07.05078
07.05231
07.05383
07.05536
07.05719
07.05780
07.05994
07.06055
07.06146
07.06268
07.06238
07.06360
07.06482
07.06482
07.06543
07.06604
07.06696
07.06543
07.06696
07.06726
07.06665
07.06696
07.06757
07.06726
07.06787
07.06726
07.06726
07.06726
07.06726
07.06787
07.06787
07.06787
07.06757
07.06726
-06.67816
-06.84448
-06.88293
-06.90216
-06.91498
-06.92444
-06.93359
-06.94092
-06.94641
-06.95099
-06.95526
-06.95862
-06.96289
-06.96381
-06.96747
-06.96991
-06.97144
-06.97357
-06.97479
-06.97693
-06.97815
-06.97906
-06.97998
-06.98029
-06.98151
-06.98181
-06.98303
-06.98395
-06.98486
-06.98425
-06.98456
-06.98486
-06.98608
-06.98608
-06.98669
-06.98730
-06.98761
-06.98761
-06.98792
-06.98822
-06.98792
-06.98761
-06.98822
-06.98822
-06.98700
-06.98822
-06.98700
-06.98761
-06.98761
-06.98761
06.75171
06.92291
06.96136
06.98059
06.99402
07.00409
07.01233
07.01965
07.02576
07.03064
07.03522
07.03857
07.04132
07.04498
07.04742
07.04926
07.05109
07.05322
07.05475
07.05658
07.05780
07.05872
07.05963
07.06024
07.06116
07.06207
07.06207
07.06421
07.06299
07.06482
07.06604
07.06573
07.06604
07.06604
07.06665
07.06665
07.06787
07.06726
07.06726
07.06757
07.06696
07.06787
07.06757
07.06757
07.06787
07.06787
07.06757
07.06757
07.06757
07.06787
-06.67816
-06.84479
-06.88263
-06.90186
-06.91498
-06.92444
-06.93268
-06.94031
-06.94458
-06.95160
-06.95496
-06.95862
-06.96289
-06.96503
-06.96808
-06.96991
-06.97235
-06.97388
-06.97540
-06.97693
-06.97815
-06.97998
-06.98029
-06.98120
-06.98212
-06.98242
-06.98303
-06.98364
-06.98425
-06.98456
-06.98456
-06.98578
-06.98608
-06.98639
-06.98669
-06.98730
-06.98730
-06.98700
-06.98700
-06.98639
-06.98761
-06.98639
-06.98730
-06.98792
-06.98761
-06.98822
-06.98761
-06.98822
-06.98761
-06.98822
06.75232
06.92291
06.96228
06.98059
06.99463
07.00378
07.01233
07.01904
07.02484
07.03003
07.03339
07.03766
07.04163
07.04376
07.04681
07.04895
07.05139
07.05292
07.05505
07.05627
07.05780
07.05933
07.06055
07.06055
07.06238
07.06268
07.06268
07.06451
07.06512
07.06482
07.06512
07.06512
07.06543
07.06543
07.06543
07.06604
07.06604
07.06604
07.06635
07.06665
07.06665
07.06665
07.06726
07.06726
07.06726
07.06787
07.06787
07.06757
07.06818
07.06787
-06.67877
-06.84448
-06.88293
-06.90186
-06.91559
-06.92474
-06.93298
-06.94092
-06.94519
-06.95099
-06.95435
-06.95892
-06.96167
-06.96411
-06.96747
-06.96960
-06.97174
-06.97357
-06.97479
-06.97723
-06.97876
-06.97937
-06.98029
-06.98151
-06.98212
-06.98303
-06.98364
-06.98334
-06.98425
-06.98486
-06.98517
-06.98639
-06.98608
-06.98700
-06.98578
-06.98792
-06.98669
-06.98700
-06.98761
-06.98700
-06.98730
-06.98700
-06.98700
-06.98700
-06.98761
-06.98669
-06.98730
-06.98730
-06.98761
-06.98822
06.75232
06.92291
06.96198
06.98059
06.99341
07.00317
07.01202
07.01965
07.02515
07.03064
07.03461
07.03857
07.04193
07.04468
07.04803
07.04987
07.05170
07.05383
07.05383
07.05658
07.05719
07.05780
07.05994
07.06085
07.06146
07.06268
07.06299
07.06360
07.06360
07.06482
07.06512
07.06604
07.06665
07.06665
07.06665
07.06726
07.06696
07.06604
07.06665
07.06696
07.06696
07.06757
07.06726
07.06787
07.06757
07.06726
07.06757
07.06726
07.06879
07.06726
-06.67786
-06.84387
-06.88324
-06.90125
-06.91437
-06.92474
-06.93298
-06.93970
-06.94580
-06.95099
-06.95465
-06.95862
-06.96228
-06.96472
-06.96899
-06.97052
-06.97296
-06.97449
-06.97632
-06.97723
-06.97815
-06.97906
-06.98090
-06.98120
-06.98212
-06.98242
-06.98303
-06.98364
-06.98425
-06.98364
-06.98608
-06.98456
-06.98578
-06.98639
-06.98608
-06.98700
-06.98669
-06.98730
-06.98700
-06.98761
-06.98730
-06.98761
-06.98761
-06.98792
-06.98761
-06.98792
-06.98883
-06.98853
-06.98792
-06.98792
06.75201
06.92291
06.96136
06.97998
06.99402
07.00348
07.01233
07.01904
07.02515
07.03033
07.03461
07.03827
07.04193
07.04468
07.04834
07.04926
07.05139
07.05444
07.05536
07.05750
07.05811
07.05933
07.06024
07.06146
07.06207
07.06299
07.06329
07.06421
07.06451
07.06482
07.06482
07.06543
07.06543
07.06604
07.06635
07.06665
07.06604
07.06604
07.06635
07.06665
07.06665
07.06726
07.06787
07.06787
07.06665
07.06848
07.06757
07.06757
07.06848
07.06787
-06.67755
-06.84418
-06.88293
-06.90125
-06.91437
-06.92474
-06.93329
-06.94000
-06.94580
-06.95099
-06.95618
-06.95923
-06.96167
-06.96503
-06.96777
-06.96991
-06.97205
-06.97296
-06.97479
-06.97754
-06.97876
-06.97937
-06.97998
-06.98151
-06.98120
-06.98303
-06.98212
-06.98395
-06.98456
-06.98395
-06.98578
-06.98517
-06.98608
-06.98608
-06.98578
-06.98639
-06.98669
-06.98639
-06.98700
-06.98730
-06.98700
-06.98761
-06.98761
-06.98792
-06.98792
-06.98761
-06.98792
-06.98822
-06.98792
-06.98822
06.75140
06.92261
06.96136
06.98059
06.99402
07.00348
07.01202
07.01965
07.02423
07.03094
07.03522
07.03888
07.04254
07.04529
07.04742
07.05017
07.05200
07.05383
07.05597
07.05688
07.05811
07.05902
07.06024
07.06085
07.06207
07.06238
07.06329
07.06329
07.06482
07.06329
07.06451
07.06512
07.06512
07.06543
07.06604
07.06604
07.06696
07.06696
07.06726
07.06665
07.06787
07.06787
07.06757
07.06848
07.06787
07.06879
07.06848
07.06848
07.06848
07.06848
-06.67694
-06.84418
-06.88263
-06.90155
-06.91498
-06.92383
-06.93298
-06.93970
-06.94519
-06.95099
-06.95404
-06.95892
-06.96198
-06.96503
-06.96747
-06.96960
-06.97235
-06.97388
-06.97632
-06.97693
-06.97876
-06.97815
-06.98059
-06.98151
-06.98181
-06.98242
-06.98364
-06.98334
-06.98395
-06.98486
-06.98517
-06.98486
-06.98578
-06.98578
-06.98669
-06.98639
-06.98639
-06.98700
-06.98730
-06.98761
-06.98700
-06.98730
-06.98761
-06.98669
-06.98761
-06.98822
-06.98792
-06.98822
-06.98853
-06.98853
06.75201
06.92261
06.96289
06.97968
06.99554
07.00470
07.01172
07.01965
07.02576
07.03064
07.03522
07.03888
07.04224
07.04498
07.04773
07.05017
07.05170
07.05475
07.05566
07.05719
07.05841
07.05902
07.05994
07.06116
07.06207
07.06207
07.06268
07.06421
07.06421
07.06451
07.06482
07.06543
07.06604
07.06543
07.06543
07.06757
07.06604
07.06665
07.06665
07.06665
07.06726
07.06757
07.06726
07.06757
07.06787
07.06787
07.06848
07.06879
07.06848
07.06848
-06.70288
-06.85181
-06.88599
-06.90430
-06.91772
-06.92749
-06.93542
-06.94214
-06.94763
-06.95221
-06.95679
-06.96045
-06.96381
-06.96686
-06.96899
-06.97205
-06.97235
-06.97632
-06.97693
-06.97784
-06.97998
-06.98059
-06.98181
-06.98242
-06.98303
-06.98395
-06.98486
-06.98486
-06.98608
-06.98639
-06.98669
-06.98700
-06.98761
-06.98853
-06.98792
-06.98883
-06.98883
-06.98883
-06.98914
-06.98944
-06.98914
-06.98883
-06.98883
-06.98944
-06.98914
-06.98883
-06.98975
-06.98914
-06.99005
-06.98883
06.77460
06.92780
06.96350
06.98090
06.99463
07.00470
07.01294
07.01965
07.02637
07.03125
07.03583
07.03949
07.04224
07.04590
07.04865
07.05017
07.05139
07.05353
07.05536
07.05597
07.05719
07.05841
07.05963
07.05994
07.06116
07.06146
07.06268
07.06360
07.06543
07.06329
07.06604
07.06512
07.06635
07.06726
07.06604
07.06757
07.06696
07.06726
07.06787
07.06787
07.06818
07.06818
07.06879
07.06879
07.06818
07.06879
07.06818
07.06848
07.06787
07.06787
-06.67633
-06.84387
-06.88263
-06.90125
-06.91498
-06.92505
-06.93359
-06.94000
-06.94580
-06.95099
-06.95648
-06.95892
-06.96381
-06.96503
-06.96808
-06.97113
-06.97205
-06.97418
-06.97540
-06.97693
-06.97815
-06.97906
-06.97998
-06.98120
-06.98120
-06.98181
-06.98273
-06.98303
-06.98334
-06.98425
-06.98578
-06.98578
-06.98639
-06.98639
-06.98700
-06.98700
-06.98700
-06.98761
-06.98792
-06.98761
-06.98822
-06.98792
-06.98761
-06.98883
-06.98700
-06.98883
-06.98792
-06.98761
-06.98822
-06.98822
06.75079
06.92291
06.96136
06.98090
06.99432
07.00439
07.01263
07.01996
07.02545
07.03064
07.03461
07.03949
07.04224
07.04529
07.04773
07.05017
07.05200
07.05353
07.05505
07.05627
07.05750
07.05963
07.05963
07.06146
07.06085
07.06329
07.06207
07.06421
07.06329
07.06421
07.06512
07.06543
07.06635
07.06604
07.06604
07.06635
07.06665
07.06665
07.06726
07.06757
07.06787
07.06787
07.06818
07.06818
07.06848
07.06848
07.06879
07.06848
07.06848
07.06879
-06.70227
-06.85059
-06.88599
-06.90338
-06.91711
-06.92627
-06.93420
-06.94214
-06.94641
-06.95221
-06.95679
-06.95984
-06.96381
-06.96625
-06.96899
-06.97174
-06.97357
-06.97540
-06.97754
-06.97876
-06.98029
-06.98120
-06.98242
-06.98303
-06.98395
-06.98456
-06.98425
-06.98517
-06.98639
-06.98639
-06.98639
-06.98761
-06.98761
-06.98730
-06.98761
-06.98822
-06.98883
-06.98761
-06.98944
-06.98761
-06.98944
-06.98914
-06.98853
-06.99005
-06.98944
-06.98975
-06.99005
-06.99005
-06.99005
-06.99005
06.77521
06.92902
06.96381
06.98212
06.99493
07.00531
07.01324
07.01935
07.02515
07.03064
07.03491
07.03827
07.04163
07.04376
07.04712
07.04895
07.05139
07.05261
07.05505
07.05627
07.05780
07.05841
07.06055
07.06024
07.06116
07.06268
07.06268
07.06360
07.06421
07.06482
07.06543
07.06604
07.06604
07.06604
07.06665
07.06665
07.06726
07.06696
07.06726
07.06726
07.06726
07.06726
07.06757
07.06726
07.06726
07.06726
07.06787
07.06726
07.06757
07.06787
-06.67755
-06.84387
-06.88416
-06.90094
-06.91559
-06.92505
-06.93237
-06.94092
-06.94641
-06.95099
-06.95618
-06.95892
-06.96289
-06.96472
-06.96808
-06.96991
-06.97174
-06.97388
-06.97449
-06.97693
-06.97815
-06.97937
-06.98059
-06.98120
-06.98181
-06.98242
-06.98242
-06.98364
-06.98364
-06.98456
-06.98517
-06.98639
-06.98486
-06.98730
-06.98608
-06.98761
-06.98700
-06.98700
-06.98761
-06.98730
-06.98761
-06.98730
-06.98730
-06.98700
-06.98792
-06.98822
-06.98730
-06.98761
-06.98822
-06.98883
06.75049
06.92352
06.96259
06.98151
06.99493
07.00439
07.01263
07.01965
07.02515
07.03064
07.03522
07.03888
07.04193
07.04498
07.04712
07.05017
07.05048
07.05322
07.05475
07.05597
07.05811
07.05811
07.05963
07.06055
07.06146
07.06238
07.06268
07.06360
07.06482
07.06512
07.06543
07.06635
07.06604
07.06665
07.06665
07.06696
07.06757
07.06726
07.06726
07.06726
07.06665
07.06757
07.06757
07.06757
07.06726
07.06726
07.06757
07.06665
07.06879
07.06757
-06.67572
-06.84326
-06.88232
-06.90094
-06.91467
-06.92474
-06.93298
-06.93970
-06.94580
-06.95068
-06.95526
-06.95892
-06.96198
-06.96503
-06.96747
-06.96991
-06.97235
-06.97479
-06.97540
-06.97754
-06.97815
-06.97998
-06.98120
-06.98120
-06.98212
-06.98242
-06.98303
-06.98364
-06.98456
-06.98334
-06.98517
-06.98578
-06.98486
-06.98578
-06.98578
-06.98639
-06.98700
-06.98730
-06.98669
-06.98761
-06.98761
-06.98730
-06.98822
-06.98792
-06.98761
-06.98822
-06.98822
-06.98853
-06.98883
-06.98822
06.75079
06.92291
06.96136
06.98029
06.99280
07.00348
07.01141
07.01874
07.02423
07.02972
07.03491
07.03827
07.04224
07.04346
07.04803
07.04956
07.05200
07.05353
07.05536
07.05688
07.05750
07.05933
07.06055
07.06146
07.06207
07.06329
07.06482
07.06421
07.06482
07.06543
07.06604
07.06604
07.06604
07.06573
07.06543
07.06604
07.06604
07.06604
07.06665
07.06604
07.06665
07.06726
07.06696
07.06818
07.06726
07.06757
07.06848
07.06848
07.06848
07.06848
-06.67664
-06.84509
-06.88293
-06.90186
-06.91498
-06.92505
-06.93329
-06.94000
-06.94519
-06.95038
-06.95435
-06.95862
-06.96136
-06.96472
-06.96777
-06.97021
-06.97235
-06.97357
-06.97540
-06.97754
-06.97876
-06.97998
-06.98059
-06.98151
-06.98090
-06.98334
-06.98303
-06.98364
-06.98425
-06.98517
-06.98486
-06.98578
-06.98639
-06.98639
-06.98700
-06.98669
-06.98700
-06.98669
-06.98669
-06.98700
-06.98669
-06.98669
-06.98761
-06.98761
-06.98761
-06.98822
-06.98730
-06.98853
-06.98883
-06.98822
06.75049
06.92291
06.96198
06.97998
06.99402
07.00439
07.01172
07.01996
07.02484
07.03064
07.03522
07.03857
07.04193
07.04468
07.04712
07.04865
07.05109
07.05322
07.05475
07.05658
07.05780
07.05872
07.06024
07.06085
07.06207
07.06238
07.06329
07.06360
07.06482
07.06451
07.06512
07.06635
07.06573
07.06604
07.06665
07.06635
07.06696
07.06665
07.06696
07.06635
07.06726
07.06818
07.06757
07.06848
07.06757
07.06787
07.06818
07.06787
07.06848
07.06787
-06.67572
-06.84387
-06.88293
-06.90155
-06.91467
-06.92474
-06.93359
-06.94031
-06.94550
-06.95160
-06.95526
-06.95862
-06.96259
-06.96472
-06.96808
-06.96991
-06.97235
-06.97449
-06.97662
-06.97662
-06.97876
-06.97906
-06.97998
-06.98120
-06.98090
-06.98242
-06.98303
-06.98334
-06.98364
-06.98425
-06.98456
-06.98486
-06.98517
-06.98669
-06.98639
-06.98669
-06.98700
-06.98700
-06.98761
-06.98730
-06.98761
-06.98792
-06.98822
-06.98792
-06.98792
-06.98822
-06.98761
-06.98822
-06.98853
-06.98822
06.74957
06.92230
06.96198
06.97906
06.99402
07.00378
07.01202
07.01935
07.02515
07.03064
07.03491
07.03857
07.04224
07.04529
07.04742
07.04956
07.05170
07.05353
07.05597
07.05780
07.05872
07.05994
07.06055
07.06085
07.06146
07.06238
07.06268
07.06329
07.06451
07.06482
07.06482
07.06512
07.06543
07.06635
07.06543
07.06665
07.06665
07.06604
07.06757
07.06665
07.06726
07.06757
07.06757
07.06787
07.06787
07.06787
07.06787
07.06909
07.06848
07.06909
-06.67572
-06.84387
-06.88232
-06.90186
-06.91498
-06.92444
-06.93329
-06.94061
-06.94641
-06.95160
-06.95526
-06.95892
-06.96228
-06.96503
-06.96747
-06.97174
-06.97113
-06.97388
-06.97632
-06.97662
-06.97815
-06.97876
-06.97998
-06.97998
-06.98120
-06.98242
-06.98273
-06.98334
-06.98395
-06.98425
-06.98486
-06.98639
-06.98578
-06.98578
-06.98639
-06.98669
-06.98700
-06.98730
-06.98761
-06.98761
-06.98761
-06.98822
-06.98761
-06.98792
-06.98822
-06.98761
-06.98883
-06.98700
-06.98914
-06.98822
06.74957
06.92200
06.96198
06.98059
06.99402
07.00409
07.01263
07.01935
07.02576
07.03033
07.03522
07.03857
07.04254
07.04529
07.04834
07.05078
07.05200
07.05383
07.05566
07.05658
07.05780
07.05902
07.05994
07.06116
07.06146
07.06207
07.06268
07.06329
07.06421
07.06360
07.06573
07.06482
07.06543
07.06604
07.06604
07.06635
07.06665
07.06665
07.06726
07.06787
07.06726
07.06726
07.06848
07.06818
07.06818
07.06818
07.06848
07.06848
07.06848
07.06848
-06.67511
-06.84387
-06.88324
-06.90094
-06.91559
-06.92474
-06.93329
-06.94000
-06.94550
-06.95068
-06.95679
-06.95862
-06.96228
-06.96564
-06.96747
-06.97052
-06.97205
-06.97418
-06.97540
-06.97723
-06.97815
-06.97876
-06.98029
-06.98059
-06.98151
-06.98212
-06.98181
-06.98303
-06.98395
-06.98364
-06.98486
-06.98456
-06.98578
-06.98639
-06.98608
-06.98730
-06.98700
-06.98730
-06.98700
-06.98792
-06.98761
-06.98792
-06.98700
-06.98883
-06.98761
-06.98761
-06.98853
-06.98853
-06.98853
-06.98853
06.74927
06.92230
06.96136
06.98151
06.99402
07.00409
07.01263
07.01965
07.02576
07.03064
07.03552
07.03827
07.04193
07.04559
07.04773
07.05048
07.05139
07.05322
07.05505
07.05597
07.05658
07.05902
07.05963
07.06085
07.06085
07.06268
07.06146
07.06360
07.06451
07.06360
07.06512
07.06543
07.06573
07.06604
07.06665
07.06665
07.06726
07.06696
07.06726
07.06726
07.06787
07.06757
07.06726
07.06787
07.06818
07.06818
07.06848
07.06848
07.06787
07.06848
-06.67511
-06.84387
-06.88293
-06.90155
-06.91498
-06.92566
-06.93268
-06.94092
-06.94641
-06.95099
-06.95526
-06.95892
-06.96228
-06.96533
-06.96808
-06.97021
-06.97205
-06.97388
-06.97632
-06.97693
-06.97845
-06.97876
-06.98029
-06.98059
-06.98151
-06.98181
-06.98273
-06.98303
-06.98364
-06.98456
-06.98578
-06.98639
-06.98639
-06.98639
-06.98669
-06.98669
-06.98730
-06.98700
-06.98822
-06.98700
-06.98761
-06.98761
-06.98761
-06.98822
-06.98853
-06.98792
-06.98853
-06.98792
-06.98822
-06.98822
06.74927
06.92291
06.96198
06.98120
06.99463
07.00409
07.01263
07.01996
07.02606
07.03064
07.03583
07.03857
07.04315
07.04498
07.04773
07.04956
07.05139
07.05261
07.05536
07.05627
07.05811
07.05841
07.05994
07.06085
07.06146
07.06268
07.06268
07.06421
07.06421
07.06512
07.06543
07.06543
07.06604
07.06604
07.06665
07.06757
07.06665
07.06726
07.06787
07.06787
07.06757
07.06848
07.06848
07.06787
07.06818
07.06757
07.06818
07.06757
07.06787
07.06818
-06.67633
-06.84357
-06.88354
-06.90155
-06.91437
-06.92566
-06.93359
-06.94061
-06.94580
-06.95129
-06.95465
-06.95892
-06.96228
-06.96472
-06.96808
-06.96991
-06.97235
-06.97357
-06.97510
-06.97693
-06.97784
-06.97937
-06.97998
-06.98090
-06.98212
-06.98273
-06.98242
-06.98364
-06.98364
-06.98456
-06.98425
-06.98517
-06.98517
-06.98700
-06.98608
-06.98669
-06.98761
-06.98669
-06.98761
-06.98822
-06.98792
-06.98792
-06.98792
-06.98761
-06.98822
-06.98730
-06.98792
-06.98853
-06.98822
-06.98883
06.74866
06.92322
06.96198
06.98120
06.99463
07.00470
07.01233
07.01935
07.02545
07.03064
07.03461
07.03857
07.04163
07.04468
07.04681
07.04987
07.05078
07.05353
07.05536
07.05658
07.05811
07.05841
07.05963
07.06055
07.06177
07.06268
07.06329
07.06421
07.06482
07.06482
07.06543
07.06604
07.06635
07.06665
07.06665
07.06665
07.06726
07.06726
07.06757
07.06726
07.06757
07.06757
07.06726
07.06757
07.06787
07.06757
07.06787
07.06726
07.06848
07.06818
-06.67572
-06.84387
-06.88324
-06.90186
-06.91498
-06.92444
-06.93329
-06.94061
-06.94672
-06.95129
-06.95557
-06.95984
-06.96167
-06.96564
-06.96686
-06.96991
-06.97174
-06.97327
-06.97510
-06.97754
-06.97784
-06.97876
-06.98029
-06.98090
-06.98181
-06.98212
-06.98364
-06.98303
-06.98578
-06.98425
-06.98517
-06.98608
-06.98578
-06.98700
-06.98700
-06.98761
-06.98700
-06.98730
-06.98761
-06.98700
-06.98669
-06.98669
-06.98730
-06.98730
-06.98761
-06.98730
-06.98761
-06.98761
-06.98761
-06.98761
06.74896
06.92291
06.96198
06.98090
06.99402
07.00439
07.01263
07.01996
07.02576
07.03064
07.03491
07.03796
07.04315
07.04498
07.04712
07.04987
07.05139
07.05292
07.05505
07.05658
07.05780
07.05872
07.05963
07.06116
07.06177
07.06268
07.06329
07.06360
07.06451
07.06543
07.06543
07.06635
07.06604
07.06696
07.06726
07.06726
07.06726
07.06726
07.06726
07.06787
07.06726
07.06787
07.06665
07.06848
07.06726
07.06757
07.06818
07.06726
07.06726
07.06757
-06.67389
-06.84387
-06.88202
-06.90155
-06.91437
-06.92444
-06.93359
-06.94031
-06.94580
-06.95099
-06.95465
-06.95862
-06.96198
-06.96503
-06.96808
-06.96991
-06.97205
-06.97388
-06.97540
-06.97754
-06.97876
-06.97998
-06.98059
-06.98120
-06.98181
-06.98303
-06.98181
-06.98364
-06.98364
-06.98425
-06.98486
-06.98486
-06.98578
-06.98578
-06.98639
-06.98700
-06.98639
-06.98730
-06.98761
-06.98761
-06.98792
-06.98792
-06.98761
-06.98792
-06.98761
-06.98761
-06.98822
-06.98822
-06.98822
-06.98822
06.74896
06.92291
06.96136
06.98029
06.99371
07.00317
07.01111
07.01935
07.02423
07.03033
07.03461
07.03949
07.04132
07.04559
07.04681
07.04956
07.05200
07.05322
07.05597
07.05688
07.05841
07.05902
07.06024
07.06055
07.06207
07.06268
07.06329
07.06421
07.06482
07.06543
07.06512
07.06512
07.06604
07.06604
07.06604
07.06635
07.06665
07.06604
07.06604
07.06726
07.06665
07.06696
07.06757
07.06726
07.06818
07.06787
07.06848
07.06726
07.06909
07.06787
-06.67480
-06.84387
-06.88324
-06.90186
-06.91559
-06.92505
-06.93359
-06.93970
-06.94580
-06.95099
-06.95496
-06.95923
-06.96198
-06.96533
-06.96777
-06.97021
-06.97205
-06.97388
-06.97510
-06.97693
-06.97815
-06.97998
-06.97998
-06.98181
-06.98151
-06.98212
-06.98364
-06.98364
-06.98456
-06.98486
-06.98486
-06.98486
-06.98700
-06.98608
-06.98761
-06.98700
-06.98639
-06.98761
-06.98669
-06.98761
-06.98761
-06.98761
-06.98730
-06.98761
-06.98792
-06.98761
-06.98792
-06.98792
-06.98853
-06.98822
06.74835
06.92230
06.96136
06.97998
06.99402
07.00378
07.01202
07.01904
07.02576
07.03064
07.03491
07.03888
07.04193
07.04468
07.04712
07.04956
07.05170
07.05353
07.05505
07.05597
07.05811
07.05780
07.06055
07.06116
07.06207
07.06238
07.06268
07.06329
07.06421
07.06421
07.06482
07.06512
07.06543
07.06543
07.06604
07.06726
07.06665
07.06665
07.06696
07.06696
07.06726
07.06726
07.06726
07.06787
07.06757
07.06787
07.06726
07.06787
07.06787
07.06818
-06.67389
-06.84387
-06.88263
-06.90125
-06.91437
-06.92444
-06.93390
-06.93878
-06.94641
-06.95068
-06.95465
-06.95892
-06.96228
-06.96625
-06.96808
-06.97052
-06.97205
-06.97449
-06.97510
-06.97693
-06.97815
-06.97998
-06.98090
-06.98181
-06.98212
-06.98273
-06.98303
-06.98334
-06.98395
-06.98425
-06.98425
-06.98456
-06.98578
-06.98517
-06.98578
-06.98639
-06.98700
-06.98730
-06.98761
-06.98761
-06.98761
-06.98792
-06.98792
-06.98883
-06.98761
-06.98792
-06.98822
-06.98822
-06.98883
-06.98792
06.74744
06.92200
06.96167
06.97968
06.99280
07.00317
07.01202
07.01904
07.02515
07.03033
07.03491
07.03827
07.04193
07.04529
07.04773
07.04987
07.05200
07.05475
07.05627
07.05780
07.05841
07.05933
07.06116
07.06146
07.06207
07.06329
07.06207
07.06482
07.06299
07.06421
07.06482
07.06451
07.06482
07.06543
07.06604
07.06543
07.06635
07.06665
07.06665
07.06726
07.06787
07.06726
07.06757
07.06848
07.06818
07.06879
07.06848
07.06879
07.06909
07.06848
-06.67389
-06.84387
-06.88263
-06.90216
-06.91528
-06.92505
-06.93329
-06.94031
-06.94519
-06.95160
-06.95618
-06.95801
-06.96198
-06.96503
-06.96747
-06.96960
-06.97174
-06.97418
-06.97510
-06.97754
-06.97876
-06.97937
-06.98059
-06.98090
-06.98242
-06.98273
-06.98364
-06.98364
-06.98364
-06.98425
-06.98486
-06.98517
-06.98578
-06.98639
-06.98639
-06.98608
-06.98639
-06.98700
-06.98700
-06.98700
-06.98792
-06.98761
-06.98730
-06.98822
-06.98761
-06.98822
-06.98792
-06.98883
-06.98883
-06.98883
06.74774
06.92261
06.96198
06.98090
06.99402
07.00409
07.01233
07.01965
07.02576
07.03125
07.03491
07.03888
07.04193
07.04529
07.04803
07.04987
07.05200
07.05353
07.05505
07.05597
07.05780
07.05872
07.06055
07.05994
07.06207
07.06207
07.06299
07.06360
07.06360
07.06451
07.06421
07.06543
07.06604
07.06573
07.06665
07.06696
07.06726
07.06604
07.06726
07.06757
07.06787
07.06726
07.06879
07.06787
07.06757
07.06879
07.06818
07.06787
07.06879
07.06818
-06.69922
-06.85089
-06.88538
-06.90247
-06.91742
-06.92627
-06.93512
-06.94214
-06.94733
-06.95313
-06.95770
-06.96106
-06.96411
-06.96686
-06.96991
-06.97144
-06.97357
-06.97540
-06.97693
-06.97876
-06.97968
-06.98059
-06.98181
-06.98212
-06.98334
-06.98364
-06.98456
-06.98486
-06.98578
-06.98578
-06.98639
-06.98669
-06.98700
-06.98761
-06.98822
-06.98914
-06.98914
-06.98914
-06.98883
-06.99066
-06.98883
-06.99005
-06.98975
-06.98944
-06.99005
-06.98944
-06.98944
-06.98944
-06.98944
-06.98975
06.77155
06.92749
06.96198
06.98059
06.99402
07.00378
07.01233
07.01935
07.02606
07.03003
07.03491
07.03918
07.04193
07.04559
07.04773
07.05078
07.05170
07.05353
07.05475
07.05658
07.05750
07.05902
07.05963
07.06024
07.06116
07.06329
07.06207
07.06360
07.06421
07.06482
07.06543
07.06482
07.06543
07.06543
07.06604
07.06665
07.06635
07.06665
07.06665
07.06757
07.06757
07.06726
07.06757
07.06787
07.06818
07.06818
07.06818
07.06848
07.06909
07.06879
-06.67511
-06.84387
-06.88293
-06.90216
-06.91498
-06.92505
-06.93359
-06.94000
-06.94580
-06.95160
-06.95526
-06.95953
-06.96167
-06.96503
-06.96869
-06.96960
-06.97235
-06.97357
-06.97510
-06.97693
-06.97815
-06.97937
-06.97998
-06.98120
-06.98181
-06.98242
-06.98242
-06.98364
-06.98364
-06.98425
-06.98578
-06.98517
-06.98517
-06.98639
-06.98669
-06.98669
-06.98700
-06.98700
-06.98730
-06.98761
-06.98730
-06.98792
-06.98700
-06.98761
-06.98822
-06.98730
-06.98914
-06.98669
-06.98944
-06.98822
06.74774
06.92261
06.96198
06.98090
06.99493
07.00409
07.01233
07.01996
07.02576
07.03033
07.03522
07.03888
07.04163
07.04498
07.04803
07.04926
07.05109
07.05261
07.05475
07.05597
07.05750
07.05902
07.05933
07.06055
07.06177
07.06207
07.06329
07.06329
07.06329
07.06482
07.06512
07.06482
07.06604
07.06512
07.06726
07.06604
07.06665
07.06726
07.06665
07.06757
07.06726
07.06818
07.06787
07.06848
07.06818
07.06818
07.06787
07.06787
07.06726
07.06726
-06.67389
-06.84326
-06.88293
-06.90094
-06.91467
-06.92474
-06.93329
-06.94031
-06.94580
-06.95068
-06.95526
-06.95862
-06.96228
-06.96503
-06.96747
-06.97052
-06.97205
-06.97327
-06.97540
-06.97662
-06.97876
-06.97876
-06.97968
-06.98151
-06.98120
-06.98242
-06.98273
-06.98364
-06.98425
-06.98425
-06.98486
-06.98578
-06.98517
-06.98639
-06.98639
-06.98761
-06.98761
-06.98761
-06.98761
-06.98792
-06.98730
-06.98761
-06.98761
-06.98792
-06.98761
-06.98761
-06.98822
-06.98792
-06.98822
-06.98822
06.74805
06.92261
06.96167
06.98120
06.99463
07.00378
07.01355
07.01874
07.02606
07.03125
07.03491
07.03827
07.04163
07.04498
07.04742
07.04956
07.05170
07.05353
07.05505
07.05597
07.05719
07.05872
07.05994
07.05994
07.06116
07.06238
07.06268
07.06360
07.06482
07.06512
07.06512
07.06604
07.06604
07.06665
07.06665
07.06665
07.06726
07.06787
07.06665
07.06787
07.06696
07.06757
07.06787
07.06696
07.06757
07.06757
07.06757
07.06726
07.06757
07.06726
-06.69922
-06.85059
-06.88599
-06.90369
-06.91711
-06.92688
-06.93512
-06.94214
-06.94702
-06.95221
-06.95679
-06.96045
-06.96350
-06.96686
-06.96930
-06.97174
-06.97327
-06.97540
-06.97693
-06.97937
-06.97906
-06.98151
-06.98212
-06.98242
-06.98425
-06.98364
-06.98456
-06.98456
-06.98639
-06.98669
-06.98700
-06.98761
-06.98730
-06.98761
-06.98853
-06.98761
-06.98883
-06.98883
-06.98822
-06.98914
-06.98944
-06.98975
-06.98944
-06.98944
-06.99005
-06.98944
-06.98944
-06.98944
-06.99005
-06.99005
06.77246
06.92871
06.96259
06.98181
06.99341
07.00409
07.01294
07.01904
07.02515
07.02972
07.03461
07.03796
07.04132
07.04468
07.04681
07.04956
07.05109
07.05292
07.05475
07.05627
07.05780
07.05872
07.05994
07.06085
07.06146
07.06238
07.06360
07.06360
07.06482
07.06512
07.06543
07.06604
07.06604
07.06604
07.06696
07.06604
07.06726
07.06696
07.06635
07.06726
07.06726
07.06757
07.06787
07.06787
07.06787
07.06757
07.06757
07.06787
07.06787
07.06757
-06.67297
-06.84387
-06.88293
-06.90125
-06.91498
-06.92444
-06.93329
-06.93970
-06.94519
-06.95099
-06.95465
-06.95801
-06.96167
-06.96472
-06.96747
-06.96991
-06.97235
-06.97357
-06.97632
-06.97662
-06.97906
-06.97937
-06.98059
-06.98242
-06.98181
-06.98273
-06.98334
-06.98334
-06.98395
-06.98456
-06.98486
-06.98578
-06.98669
-06.98639
-06.98669
-06.98761
-06.98669
-06.98761
-06.98730
-06.98761
-06.98761
-06.98730
-06.98730
-06.98761
-06.98761
-06.98792
-06.98761
-06.98792
-06.98761
-06.98822
06.74591
06.92230
06.96167
06.97937
06.99402
07.00256
07.01202
07.01904
07.02393
07.03064
07.03369
07.03827
07.04193
07.04498
07.04742
07.04895
07.05139
07.05353
07.05505
07.05658
07.05780
07.05872
07.05963
07.06085
07.06238
07.06299
07.06360
07.06360
07.06482
07.06482
07.06573
07.06604
07.06635
07.06635
07.06635
07.06635
07.06726
07.06665
07.06696
07.06696
07.06665
07.06818
07.06665
07.06726
07.06787
07.06696
07.06787
07.06818
07.06787
07.06848
-06.67328
-06.84387
-06.88263
-06.90125
-06.91437
-06.92474
-06.93268
-06.94000
-06.94550
-06.95038
-06.95526
-06.95923
-06.96228
-06.96625
-06.96869
-06.97052
-06.97296
-06.97449
-06.97540
-06.97693
-06.97876
-06.97906
-06.97998
-06.98120
-06.98120
-06.98303
-06.98212
-06.98364
-06.98425
-06.98456
-06.98517
-06.98517
-06.98608
-06.98700
-06.98669
-06.98700
-06.98700
-06.98761
-06.98700
-06.98730
-06.98730
-06.98669
-06.98700
-06.98730
-06.98730
-06.98822
-06.98822
-06.98822
-06.98944
-06.98853
06.74652
06.92230
06.96136
06.98029
06.99402
07.00317
07.01263
07.01935
07.02545
07.03003
07.03491
07.03888
07.04132
07.04529
07.04712
07.04956
07.05200
07.05292
07.05505
07.05627
07.05841
07.05902
07.06024
07.06055
07.06207
07.06268
07.06299
07.06360
07.06512
07.06451
07.06482
07.06543
07.06573
07.06635
07.06604
07.06635
07.06635
07.06635
07.06696
07.06696
07.06726
07.06787
07.06757
07.06726
07.06757
07.06757
07.06818
07.06696
07.06879
07.06726
-06.67206
-06.84357
-06.88293
-06.90094
-06.91528
-06.92444
-06.93329
-06.93970
-06.94580
-06.95099
-06.95526
-06.95923
-06.96289
-06.96533
-06.96808
-06.97052
-06.97266
-06.97418
-06.97540
-06.97723
-06.97845
-06.97998
-06.98029
-06.98151
-06.98212
-06.98242
-06.98334
-06.98364
-06.98395
-06.98425
-06.98456
-06.98517
-06.98639
-06.98517
-06.98639
-06.98639
-06.98730
-06.98730
-06.98700
-06.98792
-06.98761
-06.98792
-06.98822
-06.98853
-06.98822
-06.98853
-06.98822
-06.98853
-06.98822
-06.98792
06.74591
06.92230
06.96075
06.97998
06.99402
07.00378
07.01263
07.01874
07.02515
07.03003
07.03491
07.03888
07.04163
07.04590
07.04742
07.04956
07.05200
07.05353
07.05597
07.05627
07.05841
07.05963
07.06024
07.06146
07.06146
07.06268
07.06360
07.06268
07.06360
07.06482
07.06482
07.06482
07.06543
07.06604
07.06512
07.06604
07.06665
07.06635
07.06665
07.06696
07.06757
07.06787
07.06726
07.06787
07.06787
07.06787
07.06818
07.06848
07.06787
07.06848
-06.67328
-06.84265
-06.88354
-06.90155
-06.91376
-06.92444
-06.93329
-06.94031
-06.94641
-06.95099
-06.95496
-06.95892
-06.96228
-06.96503
-06.96808
-06.97052
-06.97235
-06.97449
-06.97632
-06.97754
-06.97845
-06.97998
-06.98059
-06.98120
-06.98181
-06.98273
-06.98303
-06.98425
-06.98334
-06.98486
-06.98456
-06.98639
-06.98517
-06.98669
-06.98578
-06.98639
-06.98669
-06.98730
-06.98761
-06.98761
-06.98730
-06.98730
-06.98792
-06.98700
-06.98761
-06.98822
-06.98853
-06.98822
-06.98883
-06.98822
06.74530
06.92261
06.96167
06.98059
06.99402
07.00378
07.01172
07.01965
07.02606
07.03003
07.03491
07.03827
07.04224
07.04468
07.04712
07.04987
07.05048
07.05353
07.05505
07.05658
07.05811
07.05902
07.06055
07.06116
07.06177
07.06207
07.06299
07.06421
07.06482
07.06451
07.06512
07.06543
07.06543
07.06635
07.06635
07.06635
07.06635
07.06665
07.06696
07.06726
07.06665
07.06757
07.06787
07.06879
07.06787
07.06787
07.06970
07.06787
07.06970
07.06787
-06.67328
-06.84326
-06.88354
-06.90216
-06.91559
-06.92566
-06.93329
-06.93970
-06.94641
-06.95099
-06.95557
-06.95892
-06.96289
-06.96503
-06.96777
-06.96991
-06.97174
-06.97388
-06.97540
-06.97693
-06.97876
-06.97906
-06.97998
-06.98181
-06.98181
-06.98273
-06.98303
-06.98334
-06.98395
-06.98395
-06.98456
-06.98486
-06.98639
-06.98578
-06.98700
-06.98792
-06.98730
-06.98761
-06.98761
-06.98822
-06.98761
-06.98761
-06.98822
-06.98792
-06.98761
-06.98761
-06.98761
-06.98792
-06.98792
-06.98822
06.74622
06.92230
06.96136
06.98059
06.99402
07.00439
07.01294
07.01965
07.02576
07.03094
07.03583
07.03888
07.04193
07.04590
07.04803
07.05017
07.05200
07.05261
07.05536
07.05566
07.05811
07.05780
07.05872
07.06116
07.06116
07.06146
07.06238
07.06329
07.06329
07.06421
07.06451
07.06482
07.06604
07.06635
07.06604
07.06696
07.06696
07.06665
07.06787
07.06757
07.06787
07.06848
07.06787
07.06879
07.06787
07.06848
07.06848
07.06848
07.06848
07.06818
-06.67267
-06.84357
-06.88293
-06.90094
-06.91589
-06.92413
-06.93329
-06.94092
-06.94489
-06.95129
-06.95618
-06.95923
-06.96289
-06.96533
-06.96808
-06.97052
-06.97296
-06.97418
-06.97601
-06.97754
-06.97906
-06.97968
-06.98059
-06.98059
-06.98120
-06.98242
-06.98242
-06.98303
-06.98364
-06.98486
-06.98486
-06.98517
-06.98639
-06.98639
-06.98639
-06.98669
-06.98700
-06.98761
-06.98639
-06.98761
-06.98669
-06.98822
-06.98761
-06.98792
-06.98883
-06.98822
-06.98914
-06.98853
-06.98883
-06.98883
06.74652
06.92261
06.96198
06.98120
06.99432
07.00409
07.01233
07.01965
07.02423
07.03064
07.03491
07.03827
07.04193
07.04468
07.04712
07.04926
07.05139
07.05322
07.05444
07.05627
07.05780
07.05841
07.05963
07.06055
07.06177
07.06268
07.06299
07.06482
07.06329
07.06482
07.06543
07.06482
07.06635
07.06543
07.06604
07.06635
07.06665
07.06665
07.06696
07.06757
07.06726
07.06848
07.06726
07.06757
07.06787
07.06787
07.06787
07.06726
07.06818
07.06787
-06.67236
-06.84387
-06.88354
-06.90216
-06.91498
-06.92535
-06.93329
-06.94092
-06.94702
-06.95160
-06.95496
-06.95984
-06.96167
-06.96472
-06.96808
-06.96930
-06.97144
-06.97357
-06.97479
-06.97662
-06.97754
-06.97845
-06.97998
-06.98059
-06.98181
-06.98273
-06.98273
-06.98364
-06.98486
-06.98486
-06.98517
-06.98517
-06.98639
-06.98669
-06.98669
-06.98761
-06.98730
-06.98761
-06.98761
-06.98761
-06.98761
-06.98761
-06.98761
-06.98700
-06.98883
-06.98669
-06.98792
-06.98761
-06.98730
-06.98761
06.74591
06.92230
06.96136
06.98029
06.99402
07.00439
07.01263
07.01935
07.02545
07.03064
07.03552
07.03888
07.04163
07.04468
07.04773
07.05017
07.05170
07.05322
07.05536
07.05566
07.05719
07.05841
07.05872
07.05994
07.06146
07.06207
07.06299
07.06238
07.06482
07.06329
07.06543
07.06573
07.06604
07.06665
07.06665
07.06696
07.06726
07.06787
07.06726
07.06757
07.06757
07.06818
07.06787
07.06726
07.06757
07.06726
07.06787
07.06726
07.06757
07.06757
-06.69830
-06.85028
-06.88568
-06.90369
-06.91711
-06.92627
-06.93481
-06.94153
-06.94763
-06.95221
-06.95801
-06.96106
-06.96381
-06.96716
-06.96991
-06.97205
-06.97388
-06.97601
-06.97754
-06.97876
-06.97937
-06.98120
-06.98212
-06.98303
-06.98395
-06.98395
-06.98517
-06.98517
-06.98517
-06.98639
-06.98669
-06.98700
-06.98761
-06.98792
-06.98792
-06.98822
-06.98792
-06.98822
-06.98914
-06.98914
-06.98822
-06.98975
-06.98883
-06.98914
-06.99005
-06.98944
-06.99005
-06.99005
-06.99005
-06.99005
06.77032
06.92841
06.96350
06.98181
06.99493
07.00409
07.01263
07.01935
07.02576
07.03033
07.03369
07.03766
07.04132
07.04376
07.04712
07.04956
07.05139
07.05231
07.05475
07.05658
07.05750
07.05872
07.05963
07.06146
07.06146
07.06238
07.06329
07.06451
07.06543
07.06451
07.06604
07.06604
07.06604
07.06604
07.06665
07.06696
07.06665
07.06665
07.06665
07.06635
07.06635
07.06726
07.06726
07.06726
07.06726
07.06757
07.06818
07.06787
07.06848
07.06818
-06.67236
-06.84387
-06.88354
-06.90216
-06.91467
-06.92627
-06.93359
-06.94031
-06.94580
-06.95038
-06.95465
-06.95862
-06.96167
-06.96381
-06.96716
-06.96991
-06.97235
-06.97418
-06.97510
-06.97632
-06.97876
-06.97937
-06.97998
-06.98120
-06.98242
-06.98303
-06.98303
-06.98395
-06.98456
-06.98517
-06.98517
-06.98578
-06.98639
-06.98639
-06.98700
-06.98639
-06.98761
-06.98639
-06.98792
-06.98792
-06.98669
-06.98761
-06.98730
-06.98730
-06.98700
-06.98700
-06.98730
-06.98761
-06.98792
-06.98792
06.74500
06.92230
06.96198
06.98059
06.99402
07.00409
07.01233
07.01935
07.02515
07.03003
07.03461
07.03857
07.04132
07.04468
07.04742
07.04956
07.05170
07.05231
07.05505
07.05536
07.05841
07.05902
07.05902
07.06116
07.06207
07.06268
07.06421
07.06360
07.06482
07.06543
07.06543
07.06604
07.06635
07.06665
07.06726
07.06665
07.06696
07.06635
07.06665
07.06696
07.06787
07.06757
07.06726
07.06757
07.06757
07.06787
07.06757
07.06787
07.06818
07.06848
-06.69800
-06.84937
-06.88477
-06.90369
-06.91620
-06.92688
-06.93481
-06.94092
-06.94672
-06.95221
-06.95648
-06.95984
-06.96411
-06.96747
-06.96991
-06.97235
-06.97479
-06.97632
-06.97784
-06.97815
-06.98029
-06.98120
-06.98242
-06.98242
-06.98364
-06.98425
-06.98456
-06.98486
-06.98517
-06.98639
-06.98639
-06.98792
-06.98608
-06.98792
-06.98792
-06.98822
-06.98883
-06.98883
-06.98914
-06.98883
-06.98822
-06.98883
-06.98883
-06.99005
-06.99005
-06.99005
-06.99005
-06.99005
-06.99005
-06.99005
06.76849
06.92749
06.96259
06.97998
06.99402
07.00348
07.01172
07.01935
07.02515
07.02942
07.03491
07.03827
07.04163
07.04529
07.04742
07.05017
07.05231
07.05475
07.05566
07.05688
07.05872
07.05963
07.06055
07.06177
07.06207
07.06299
07.06329
07.06482
07.06421
07.06482
07.06451
07.06543
07.06482
07.06543
07.06573
07.06573
07.06573
07.06665
07.06635
07.06665
07.06665
07.06757
07.06787
07.06726
07.06818
07.06757
07.06970
07.06787
07.06818
07.06879
-06.69769
-06.85059
-06.88599
-06.90308
-06.91711
-06.92596
-06.93451
-06.94153
-06.94794
-06.95282
-06.95618
-06.96045
-06.96350
-06.96655
-06.96930
-06.97113
-06.97357
-06.97601
-06.97754
-06.97876
-06.97998
-06.98151
-06.98242
-06.98273
-06.98395
-06.98425
-06.98639
-06.98486
-06.98669
-06.98578
-06.98639
-06.98761
-06.98700
-06.98792
-06.98761
-06.98792
-06.98822
-06.98822
-06.98853
-06.98822
-06.98853
-06.98853
-06.98914
-06.98883
-06.98883
-06.98914
-06.99005
-06.99005
-06.99005
-06.99005
06.76849
06.92688
06.96289
06.98151
06.99432
07.00409
07.01202
07.01996
07.02576
07.03003
07.03491
07.03796
07.04193
07.04468
07.04681
07.04926
07.05109
07.05353
07.05475
07.05627
07.05719
07.05933
07.05994
07.06085
07.06146
07.06329
07.06299
07.06421
07.06421
07.06512
07.06512
07.06604
07.06665
07.06604
07.06573
07.06604
07.06696
07.06665
07.06696
07.06696
07.06696
07.06787
07.06665
07.06757
07.06696
07.06696
07.06787
07.06757
07.06848
07.06787
-06.67084
-06.84265
-06.88293
-06.90125
-06.91467
-06.92535
-06.93359
-06.94061
-06.94641
-06.95129
-06.95526
-06.95953
-06.96259
-06.96472
-06.96777
-06.97052
-06.97235
-06.97388
-06.97601
-06.97662
-06.97815
-06.97937
-06.97937
-06.98120
-06.98120
-06.98212
-06.98242
-06.98303
-06.98456
-06.98425
-06.98486
-06.98517
-06.98517
-06.98608
-06.98700
-06.98700
-06.98761
-06.98761
-06.98700
-06.98761
-06.98761
-06.98822
-06.98822
-06.98761
-06.98792
-06.98853
-06.98761
-06.98883
-06.98853
-06.98822
06.74469
06.92200
06.96075
06.98090
06.99371
07.00439
07.01172
07.01935
07.02545
07.03033
07.03552
07.03857
07.04254
07.04529
07.04803
07.05017
07.05231
07.05383
07.05566
07.05658
07.05811
07.05872
07.05994
07.06055
07.06177
07.06207
07.06268
07.06329
07.06299
07.06421
07.06421
07.06512
07.06512
07.06604
07.06604
07.06635
07.06696
07.06665
07.06818
07.06665
07.06726
07.06757
07.06818
07.06818
07.06726
07.06818
07.06909
07.06848
07.06879
07.06879
-06.67053
-06.84357
-06.88263
-06.90186
-06.91559
-06.92535
-06.93268
-06.94031
-06.94580
-06.95160
-06.95465
-06.95923
-06.96228
-06.96533
-06.96838
-06.96960
-06.97296
-06.97296
-06.97632
-06.97632
-06.97876
-06.97937
-06.97998
-06.98090
-06.98120
-06.98242
-06.98242
-06.98242
-06.98303
-06.98334
-06.98456
-06.98486
-06.98486
-06.98578
-06.98669
-06.98700
-06.98730
-06.98730
-06.98761
-06.98792
-06.98761
-06.98822
-06.98822
-06.98822
-06.98792
-06.98853
-06.98761
-06.98822
-06.98822
-06.98883
06.74500
06.92108
06.96167
06.97998
06.99341
07.00348
07.01233
07.01935
07.02423
07.03003
07.03522
07.03888
07.04193
07.04498
07.04773
07.05017
07.05200
07.05383
07.05536
07.05627
07.05750
07.05902
07.05933
07.05994
07.06177
07.06207
07.06238
07.06329
07.06421
07.06421
07.06421
07.06573
07.06512
07.06635
07.06604
07.06635
07.06665
07.06604
07.06665
07.06635
07.06726
07.06757
07.06787
07.06818
07.06818
07.06818
07.06818
07.06879
07.06848
07.06818
-06.69769
-06.85028
-06.88568
-06.90338
-06.91772
-06.92719
-06.93481
-06.94153
-06.94763
-06.95282
-06.95709
-06.96014
-06.96289
-06.96747
-06.96869
-06.97235
-06.97357
-06.97479
-06.97754
-06.97845
-06.97968
-06.98120
-06.98242
-06.98273
-06.98334
-06.98456
-06.98456
-06.98578
-06.98578
-06.98639
-06.98669
-06.98730
-06.98792
-06.98822
-06.98822
-06.98853
-06.98792
-06.98944
-06.98914
-06.98914
-06.98883
-06.98883
-06.98883
-06.98944
-06.99005
-06.98944
-06.99005
-06.98883
-06.99036
-06.99005
06.76880
06.92719
06.96381
06.98120
06.99463
07.00439
07.01294
07.01965
07.02637
07.03064
07.03522
07.03888
07.04163
07.04498
07.04742
07.04926
07.05078
07.05261
07.05475
07.05566
07.05750
07.05841
07.05902
07.06085
07.06207
07.06177
07.06238
07.06299
07.06482
07.06421
07.06604
07.06604
07.06543
07.06635
07.06635
07.06696
07.06726
07.06757
07.06665
07.06757
07.06757
07.06787
07.06787
07.06787
07.06787
07.06818
07.06818
07.06757
07.06818
07.06787
-06.67023
-06.84357
-06.88263
-06.90155
-06.91498
-06.92505
-06.93329
-06.94061
-06.94672
-06.95038
-06.95618
-06.95892
-06.96228
-06.96533
-06.96747
-06.97021
-06.97205
-06.97357
-06.97540
-06.97662
-06.97815
-06.97906
-06.98059
-06.98120
-06.98181
-06.98242
-06.98242
-06.98364
-06.98395
-06.98395
-06.98517
-06.98486
-06.98639
-06.98608
-06.98639
-06.98730
-06.98700
-06.98761
-06.98761
-06.98761
-06.98761
-06.98822
-06.98700
-06.98761
-06.98761
-06.98700
-06.98792
-06.98761
-06.98792
-06.98822
06.74408
06.92200
06.96167
06.98059
06.99402
07.00378
07.01263
07.01935
07.02515
07.03064
07.03491
07.03888
07.04193
07.04468
07.04742
07.04926
07.05139
07.05322
07.05536
07.05627
07.05780
07.05811
07.05933
07.06085
07.06085
07.06268
07.06268
07.06329
07.06482
07.06421
07.06482
07.06604
07.06604
07.06635
07.06665
07.06726
07.06696
07.06696
07.06726
07.06787
07.06757
07.06818
07.06757
07.06818
07.06787
07.06726
07.06787
07.06787
07.06757
07.06848
-06.66992
-06.84387
-06.88293
-06.90216
-06.91437
-06.92505
-06.93237
-06.94061
-06.94580
-06.95007
-06.95496
-06.95892
-06.96228
-06.96503
-06.96747
-06.96991
-06.97205
-06.97388
-06.97510
-06.97723
-06.97845
-06.97937
-06.98029
-06.98120
-06.98242
-06.98273
-06.98303
-06.98364
-06.98486
-06.98486
-06.98486
-06.98608
-06.98639
-06.98700
-06.98639
-06.98700
-06.98761
-06.98700
-06.98792
-06.98700
-06.98761
-06.98792
-06.98822
-06.98792
-06.98730
-06.98822
-06.98822
-06.98822
-06.98822
-06.98761
06.74316
06.92230
06.96198
06.98090
06.99402
07.00378
07.01233
07.01935
07.02423
07.02942
07.03369
07.03827
07.04132
07.04468
07.04773
07.04987
07.05231
07.05322
07.05536
07.05597
07.05841
07.05841
07.06055
07.06146
07.06146
07.06207
07.06268
07.06421
07.06482
07.06482
07.06543
07.06573
07.06604
07.06635
07.06635
07.06665
07.06635
07.06635
07.06696
07.06726
07.06665
07.06757
07.06757
07.06787
07.06757
07.06787
07.06726
07.06818
07.06848
07.06818
-06.67023
-06.84265
-06.88293
-06.90155
-06.91437
-06.92444
-06.93329
-06.94031
-06.94580
-06.95007
-06.95465
-06.95862
-06.96167
-06.96472
-06.96747
-06.96991
-06.97205
-06.97418
-06.97632
-06.97754
-06.97876
-06.97876
-06.98029
-06.98151
-06.98181
-06.98303
-06.98303
-06.98395
-06.98364
-06.98395
-06.98456
-06.98639
-06.98456
-06.98669
-06.98578
-06.98700
-06.98761
-06.98700
-06.98700
-06.98700
-06.98730
-06.98730
-06.98730
-06.98761
-06.98761
-06.98761
-06.98761
-06.98822
-06.98761
-06.98822
06.74347
06.92169
06.96136
06.98029
06.99402
07.00378
07.01202
07.01935
07.02484
07.03064
07.03461
07.03857
07.04193
07.04468
07.04712
07.04987
07.05078
07.05353
07.05505
07.05627
07.05811
07.05902
07.05963
07.06085
07.06177
07.06268
07.06360
07.06451
07.06482
07.06482
07.06543
07.06543
07.06665
07.06635
07.06635
07.06665
07.06696
07.06635
07.06787
07.06696
07.06696
07.06757
07.06757
07.06757
07.06787
