波形频率  1 KHz   幅值 02.5079 V
 
采样数据为
-02.43469
-02.41394
-02.39197
-02.36725
-02.33948
-02.30927
-02.27844
-02.24457
-02.20825
-02.16949
-02.12891
-02.08588
-02.04102
-01.99524
-01.94672
-01.89636
-01.84265
-01.78925
-01.73248
-01.67450
-01.61530
-01.55487
-01.49109
-01.42761
-01.36169
-01.29578
-01.22803
-01.15784
-01.08704
-01.01685
-00.94299
-00.87036
-00.79712
-00.72205
-00.64514
-00.56885
-00.49255
-00.41504
-00.33691
-00.25848
-00.18005
-00.10254
-00.02350
00.05463
00.13306
00.21179
00.29083
00.36865
00.44617
00.52307
00.59967
00.67627
00.75134
00.82581
00.90027
00.97321
01.04523
01.11664
01.18652
01.25641
01.32263
01.38916
01.45447
01.51672
01.57837
01.63818
01.69678
01.75354
01.80908
01.86249
01.91467
01.96320
02.01141
02.05719
02.10144
02.14233
02.18292
02.21954
02.25555
02.28790
02.32117
02.34711
02.37396
02.39685
02.42004
02.43896
02.45483
02.46918
02.48260
02.49023
02.49695
02.50244
02.50366
02.50244
02.49878
02.49420
02.48657
02.47620
02.46246
02.44812
02.42950
02.40906
02.38708
02.36206
02.33429
02.30560
02.27448
02.23969
02.20306
02.16431
02.12585
02.08160
02.03705
01.99066
01.94336
01.89148
01.83868
01.78589
01.72913
01.67175
01.61255
01.55151
01.48865
01.42456
01.35773
01.29272
01.22437
01.15479
01.08459
01.01379
00.93964
00.86670
00.79285
00.71686
00.64209
00.56580
00.48859
00.41168
00.33447
00.25543
00.17700
00.09857
00.02014
-00.05890
-00.13641
-00.21606
-00.29327
-00.37170
-00.44861
-00.52551
-00.60364
-00.67902
-00.75439
-00.82916
-00.90332
-00.97565
-01.04797
-01.11938
-01.18896
-01.25854
-01.32568
-01.39221
-01.45752
-01.52039
-01.58173
-01.64185
-01.70135
-01.75812
-01.81305
-01.86768
-01.91833
-01.96777
-02.01538
-02.06177
-02.10541
-02.14722
-02.18750
-02.22412
-02.25891
-02.29218
-02.32330
-02.35260
-02.37762
-02.40112
-02.42310
-02.44171
-02.45819
-02.47314
-02.48505
-02.49359
-02.50061
-02.50580
-02.50793
-02.50702
-02.50305
-02.49847
-02.49023
-02.47955
-02.46765
-02.45239
-02.43439
-02.41394
-02.39166
-02.36755
-02.33917
-02.30988
-02.27814
-02.24548
-02.20734
-02.16888
-02.13013
-02.08649
-02.04102
-01.99402
-01.94641
-01.89545
-01.84235
-01.78894
-01.73248
-01.67511
-01.61530
-01.55426
-01.49139
-01.42700
-01.36230
-01.29608
-01.22742
-01.15875
-01.08826
-01.01776
-00.94452
-00.87097
-00.79620
-00.72113
-00.64514
-00.56915
-00.49286
-00.41534
-00.33661
-00.25909
-00.18036
-00.10223
-00.02289
00.05524
00.13397
00.21362
00.29053
00.36957
00.44556
00.52338
00.59998
00.67719
00.75256
00.82672
00.89935
00.97443
01.04523
01.11694
01.18591
01.25458
01.32233
01.38763
01.45294
01.51611
01.57837
01.63757
01.69647
01.75323
01.80878
01.86249
01.91467
01.96289
02.01233
02.05750
02.10236
02.14325
02.18292
02.22046
02.25555
02.28851
02.31964
02.34894
02.37457
02.39777
02.42065
02.43866
02.45544
02.46887
02.48016
02.49023
02.49695
02.50092
02.50305
02.50153
02.49878
02.49359
02.48596
02.47498
02.46307
02.44751
02.43011
02.40967
02.38739
02.36328
02.33551
02.30591
02.27448
02.24060
02.20459
02.16583
02.12524
02.08313
02.03796
01.99188
01.94305
01.89178
01.83899
01.78528
01.72913
01.67084
01.61224
01.55090
01.48895
01.42365
01.35834
01.29242
01.22437
01.15479
01.08368
01.01257
00.94055
00.86731
00.79376
00.71808
00.64240
00.56641
00.48889
00.41168
00.33447
00.25635
00.17761
00.09888
00.02014
-00.05768
-00.13641
-00.21637
-00.29419
-00.37170
-00.44891
-00.52704
-00.60364
-00.67932
-00.75409
-00.82947
-00.90363
-00.97656
-01.04767
-01.12000
-01.18927
-01.25885
-01.32507
-01.39038
-01.45691
-01.52069
-01.58112
-01.64185
-01.70166
-01.75873
-01.81305
-01.86646
-01.91864
-01.96808
-02.01599
-02.06146
-02.10571
-02.14691
-02.18719
-02.22412
-02.25861
-02.29218
-02.32361
-02.35138
-02.37732
-02.40173
-02.42310
-02.44263
-02.45789
-02.47284
-02.48444
-02.49420
-02.50000
-02.50641
-02.50763
-02.50702
-02.50366
-02.49847
-02.49115
-02.48077
-02.46735
-02.45178
-02.43378
-02.41394
-02.39166
-02.36725
-02.33887
-02.30927
-02.27875
-02.24426
-02.20764
-02.16888
-02.12860
-02.08496
-02.04010
-01.99432
-01.94580
-01.89575
-01.84296
-01.78894
-01.73248
-01.67450
-01.61621
-01.55518
-01.49078
-01.42853
-01.36261
-01.29669
-01.22803
-01.15875
-01.08765
-01.01715
-00.94391
-00.87036
-00.79681
-00.72266
-00.64575
-00.56885
-00.49164
-00.41412
-00.33752
-00.25757
-00.17975
-00.10071
-00.02289
00.05585
00.13367
00.21271
00.29053
00.36865
00.44678
00.52338
00.59998
00.67688
00.75134
00.82642
00.89996
00.97198
01.04401
01.11511
01.18591
01.25458
01.32233
01.38733
01.45355
01.51642
01.57776
01.63849
01.69739
01.75323
01.80969
01.86340
01.91528
01.96411
02.01233
02.05811
02.10175
02.14355
02.18323
02.22107
02.25586
02.28851
02.32117
02.34772
02.37366
02.39716
02.41974
02.43744
02.45422
02.46826
02.48077
02.48962
02.49695
02.50153
02.50336
02.50183
02.49939
02.49390
02.48505
02.47559
02.46307
02.44843
02.42981
02.41058
02.38892
02.36389
02.33582
02.30560
02.27509
02.24060
02.20428
02.16644
02.12585
02.08252
02.03796
01.99066
01.94305
01.89087
01.83868
01.78467
01.72852
01.67084
01.61194
01.55060
01.48804
01.42426
01.35803
01.29150
01.22437
01.15509
01.08398
01.01440
00.94086
00.86761
00.79315
00.71869
00.64270
00.56671
00.48981
00.41229
00.33447
00.25604
00.17853
00.10010
00.02045
-00.05859
-00.13611
-00.21545
-00.29388
-00.37231
-00.44861
-00.52704
-00.60364
-00.68054
-00.75439
-00.82947
-00.90393
-00.97656
-01.04797
-01.12061
-01.18958
-01.25793
-01.32538
-01.39191
-01.45660
-01.51886
-01.58173
-01.64215
-01.70074
-01.75690
-01.81244
-01.86676
-01.91742
-01.96686
-02.01508
-02.06238
-02.10480
-02.14783
-02.18750
-02.22412
-02.25861
-02.29248
-02.32361
-02.35199
-02.37793
-02.40234
-02.42340
-02.44202
-02.45819
-02.47345
-02.48505
-02.49298
-02.50061
-02.50641
-02.50732
-02.50702
-02.50305
-02.49847
-02.48993
-02.47925
-02.46674
-02.45148
-02.43317
-02.41364
-02.39197
-02.36633
-02.33826
-02.30957
-02.27814
-02.24426
-02.20764
-02.16949
-02.12891
-02.08710
-02.04071
-01.99524
-01.94611
-01.89575
-01.84326
-01.78955
-01.73157
-01.67542
-01.61560
-01.55426
-01.49139
-01.42822
-01.36261
-01.29639
-01.22803
-01.15753
-01.08795
-01.01654
-00.94391
-00.87067
-00.79620
-00.72174
-00.64575
-00.56854
-00.49164
-00.41412
-00.33691
-00.25818
-00.17975
-00.10193
-00.02319
00.05432
00.13336
00.21210
00.29083
00.36957
00.44495
00.52277
00.59998
00.67627
00.75104
00.82581
00.90027
00.97290
01.04431
01.11664
01.18622
01.25488
01.32111
01.38794
01.45355
01.51550
01.57867
01.63879
01.69739
01.75354
01.81000
01.86340
01.91589
01.96411
02.01202
02.05780
02.10175
02.14264
02.18414
02.21954
02.25586
02.28821
02.31964
02.34741
02.37305
02.39716
02.41943
02.43744
02.45422
02.46918
02.48077
02.48901
02.49695
02.50183
02.50275
02.50244
02.49969
02.49390
02.48688
02.47559
02.46460
02.44812
02.43042
02.40967
02.38770
02.36237
02.33551
02.30652
02.27478
02.24030
02.20520
02.16553
02.12555
02.08160
02.03766
01.99005
01.94214
01.89148
01.83868
01.78436
01.72729
01.67145
01.61133
01.55029
01.48865
01.42426
01.35803
01.29303
01.22467
01.15631
01.08490
01.01410
00.94147
00.86761
00.79437
00.71899
00.64301
00.56549
00.48981
00.41229
00.33417
00.25543
00.17792
00.09857
00.02045
-00.05920
-00.13702
-00.21545
-00.29358
-00.37231
-00.44861
-00.52643
-00.60364
-00.67871
-00.75439
-00.83069
-00.90363
-00.97626
-01.04675
-01.11938
-01.18896
-01.25702
-01.32538
-01.39191
-01.45660
-01.51886
-01.58112
-01.64215
-01.69983
-01.75781
-01.81274
-01.86737
-01.91833
-01.96747
-02.01599
-02.06146
-02.10510
-02.14722
-02.18719
-02.22473
-02.25922
-02.29218
-02.32361
-02.35168
-02.37793
-02.40143
-02.42310
-02.44141
-02.45880
-02.47223
-02.48413
-02.49390
-02.50061
-02.50580
-02.50702
-02.50702
-02.50305
-02.49847
-02.49023
-02.47955
-02.46674
-02.45148
-02.43256
-02.41425
-02.39105
-02.36694
-02.33917
-02.30865
-02.27814
-02.24426
-02.20856
-02.16919
-02.12952
-02.08679
-02.04102
-01.99493
-01.94580
-01.89606
-01.84296
-01.78833
-01.73279
-01.67542
-01.61560
-01.55518
-01.49200
-01.42853
-01.36139
-01.29547
-01.22742
-01.15845
-01.08765
-01.01654
-00.94421
-00.87036
-00.79620
-00.72266
-00.64514
-00.56885
-00.49194
-00.41504
-00.33722
-00.25879
-00.18097
-00.10223
-00.02380
00.05524
00.13245
00.21271
00.29083
00.36835
00.44586
00.52399
00.60059
00.67688
00.75104
00.82703
00.90057
00.97351
01.04431
01.11603
01.18713
01.25397
01.32263
01.38763
01.45325
01.51581
01.57776
01.63757
01.69617
01.75354
01.80878
01.86188
01.91467
01.96320
02.01202
02.05811
02.10205
02.14539
02.18292
02.22046
02.25647
02.28912
02.32025
02.34741
02.37366
02.39746
02.41974
02.43805
02.45422
02.46887
02.48077
02.48901
02.49634
02.50122
02.50519
02.50244
02.49908
02.49390
02.48688
02.47559
02.46307
02.44751
02.42950
02.41028
02.38770
02.36298
02.33643
02.30713
02.27448
02.24091
02.20337
02.16675
02.12433
02.08252
02.03735
01.99066
01.94244
01.89148
01.83960
01.78467
01.72913
01.67084
01.61072
01.55090
01.48926
01.42456
01.35864
01.29272
01.22559
01.15601
01.08490
01.01410
00.94116
00.86761
00.79315
00.71991
00.64301
00.56671
00.49042
00.41168
00.33356
00.25482
00.17731
00.09918
00.02075
-00.05768
-00.13702
-00.21576
-00.29358
-00.37201
-00.44830
-00.52704
-00.60272
-00.67902
-00.75348
-00.82916
-00.90302
-00.97504
-01.04706
-01.12000
-01.18896
-01.25732
-01.32446
-01.39160
-01.45660
-01.51947
-01.58142
-01.64307
-01.70105
-01.75690
-01.81335
-01.86676
-01.91772
-01.96655
-02.01569
-02.06146
-02.10571
-02.14691
-02.18750
-02.22412
-02.25800
-02.29187
-02.32269
-02.35077
-02.37732
-02.40112
-02.42188
-02.44171
-02.45880
-02.47314
-02.48413
-02.49359
-02.50061
-02.50641
-02.50732
-02.50671
-02.50427
-02.49878
-02.48993
-02.48016
-02.46796
-02.45209
-02.43347
-02.41364
-02.39166
-02.36725
-02.33887
-02.30957
-02.27844
-02.24426
-02.20825
-02.16919
-02.12799
-02.08649
-02.04102
-01.99493
-01.94611
-01.89575
-01.84326
-01.78955
-01.73248
-01.67480
-01.61530
-01.55487
-01.49139
-01.42883
-01.36200
-01.29608
-01.22894
-01.15814
-01.08795
-01.01715
-00.94391
-00.87036
-00.79742
-00.72205
-00.64545
-00.56885
-00.49194
-00.41534
-00.33661
-00.25787
-00.18036
-00.10254
-00.02289
00.05463
00.13336
00.21179
00.29053
00.36835
00.44556
00.52277
00.59998
00.67657
00.75073
00.82672
00.90057
00.97198
01.04462
01.11664
01.18622
01.25397
01.32172
01.38885
01.45355
01.51581
01.57806
01.63879
01.69678
01.75354
01.80908
01.86218
01.91437
01.96411
02.01172
02.05780
02.10083
02.14264
02.18384
02.22015
02.25586
02.28851
02.32086
02.34711
02.37396
02.39777
02.41974
02.43835
02.45422
02.46948
02.48108
02.49023
02.49756
02.50153
02.50305
02.50244
02.49969
02.49390
02.48657
02.47650
02.46246
02.44720
02.43042
02.41028
02.38800
02.36206
02.33551
02.30591
02.27356
02.24060
02.20428
02.16583
02.12524
02.08282
02.03796
01.99097
01.94397
01.89240
01.83868
01.78528
01.72974
01.67236
01.61224
01.55121
01.48987
01.42426
01.35834
01.29272
01.22467
01.15479
01.08398
01.01410
00.94055
00.86823
00.79376
00.71869
00.64178
00.56488
00.48950
00.41229
00.33447
00.25574
00.17853
00.09888
00.02106
-00.05829
-00.13489
-00.21515
-00.29327
-00.37170
-00.44678
-00.52582
-00.60211
-00.67841
-00.75409
-00.82916
-00.90363
-00.97595
-01.04797
-01.11969
-01.18896
-01.25824
-01.32538
-01.39221
-01.45599
-01.51978
-01.58203
-01.64154
-01.70074
-01.75781
-01.81274
-01.86615
-01.91711
-01.96716
-02.01508
-02.06116
-02.10480
-02.14691
-02.18628
-02.22412
-02.25891
-02.29187
-02.32269
-02.35168
-02.37671
-02.40204
-02.42249
-02.44263
-02.45911
-02.47253
-02.48444
-02.49359
-02.50092
-02.50549
-02.50793
-02.50763
-02.50366
-02.49817
-02.49054
-02.47955
-02.46704
-02.45148
-02.43347
-02.41425
-02.39166
-02.36694
-02.33887
-02.30957
-02.27631
-02.24426
-02.20764
-02.16858
-02.12860
-02.08588
-02.04132
-01.99524
-01.94641
-01.89545
-01.84235
-01.78925
-01.73309
-01.67542
-01.61621
-01.55518
-01.49231
-01.42853
-01.36230
-01.29578
-01.22772
-01.15875
-01.08765
-01.01746
-00.94391
-00.87006
-00.79620
-00.72205
-00.64575
-00.56854
-00.49225
-00.41473
-00.33600
-00.25848
-00.18005
-00.10223
-00.02289
00.05463
00.13336
00.21240
00.29022
00.36835
00.44586
00.52338
00.59998
00.67566
00.75073
00.82611
00.89844
00.97260
01.04431
01.11694
01.18622
01.25397
01.32172
01.38794
01.45355
01.51550
01.57806
01.63818
01.69739
01.75476
01.81000
01.86188
01.91467
01.96320
02.01263
02.05719
02.10266
02.14355
02.18353
02.22046
02.25586
02.28821
02.31903
02.34680
02.37396
02.39594
02.41882
02.43774
02.45483
02.46857
02.48016
02.48993
02.49664
02.50153
02.50305
02.50244
02.49878
02.49420
02.48779
02.47528
02.46338
02.44781
02.43042
02.41058
02.38739
02.36237
02.33582
02.30621
02.27509
02.24030
02.20428
02.16492
02.12555
02.08313
02.03705
01.99097
01.94214
01.89178
01.83899
01.78528
01.72943
01.67145
01.61102
01.55121
01.48834
01.42487
01.35895
01.29333
01.22467
01.15509
01.08551
01.01288
00.94086
00.86761
00.79437
00.71808
00.64270
00.56610
00.49042
00.41260
00.33356
00.25574
00.17853
00.09888
00.02167
-00.05890
-00.13672
-00.21576
-00.29266
-00.37109
-00.44891
-00.52643
-00.60272
-00.67902
-00.75409
-00.82916
-00.90240
-00.97595
-01.04767
-01.11816
-01.18896
-01.25763
-01.32568
-01.39221
-01.45599
-01.52161
-01.58203
-01.64185
-01.70044
-01.75781
-01.81244
-01.86646
-01.91742
-01.96686
-02.01538
-02.06177
-02.10510
-02.14722
-02.18658
-02.22443
-02.25952
-02.29279
-02.32391
-02.35199
-02.37732
-02.40143
-02.42340
-02.44202
-02.45789
-02.47314
-02.48474
-02.49451
-02.50092
-02.50580
-02.50763
-02.50702
-02.50336
-02.49817
-02.49023
-02.47925
-02.46674
-02.45239
-02.43347
-02.41425
-02.39136
-02.36664
-02.33765
-02.30835
-02.27783
-02.24426
-02.20764
-02.16888
-02.12921
-02.08649
-02.04132
-01.99524
-01.94672
-01.89545
-01.84326
-01.78955
-01.73401
-01.67511
-01.61560
-01.55548
-01.49200
-01.42883
-01.36322
-01.29639
-01.22742
-01.15875
-01.08765
-01.01746
-00.94421
-00.87036
-00.79620
-00.72174
-00.64514
-00.56915
-00.49255
-00.41412
-00.33661
-00.25848
-00.18127
-00.10193
-00.02350
00.05463
00.13306
00.21240
00.29022
00.36774
00.44434
00.52277
00.59845
00.67566
00.75134
00.82581
00.89966
00.97260
01.04492
01.11603
01.18561
01.25305
01.32202
01.38794
01.45477
01.51611
01.57806
01.63818
01.69830
01.75385
01.80969
01.86127
01.91437
01.96381
02.01141
02.05719
02.10114
02.14264
02.18262
02.22046
02.25494
02.28821
02.31903
02.34680
02.37305
02.39716
02.41913
02.43805
02.45453
02.46887
02.48108
02.48962
02.49695
02.50183
02.50427
02.50153
02.49969
02.49573
02.48718
02.47559
02.46307
02.44812
02.43011
02.41028
02.38861
02.36267
02.33521
02.30560
02.27448
02.24030
02.20306
02.16492
02.12524
02.08130
02.03766
01.99127
01.94305
01.89148
01.83868
01.78558
01.72882
01.67145
01.61133
01.55090
01.48895
01.42395
01.35986
01.29272
01.22437
01.15509
01.08490
01.01349
00.94086
00.86792
00.79407
00.71869
00.64301
00.56610
00.48981
00.41321
00.33447
00.25513
00.17670
00.09949
00.02075
-00.05859
-00.13702
-00.21545
-00.29327
-00.37140
-00.44861
-00.52704
-00.60303
-00.67993
-00.75378
-00.82916
-00.90332
-00.97565
-01.04675
-01.11908
-01.18866
-01.25793
-01.32477
-01.39130
-01.45569
-01.51886
-01.58112
-01.64185
-01.70013
-01.75781
-01.81244
-01.86798
-01.91772
-01.96686
-02.01599
-02.06177
-02.10541
-02.14539
-02.18719
-02.22443
-02.26013
-02.29248
-02.32361
-02.35168
-02.37732
-02.40234
-02.42310
-02.44110
-02.45850
-02.47284
-02.48444
-02.49420
-02.50031
-02.50580
-02.50671
-02.50641
-02.50305
-02.49878
-02.48993
-02.47925
-02.46796
-02.45178
-02.43378
-02.41455
-02.39288
-02.36755
-02.33826
-02.30957
-02.27844
-02.24457
-02.20825
-02.16980
-02.12921
-02.08618
-02.04224
-01.99554
-01.94550
-01.89575
-01.84265
-01.78925
-01.73309
-01.67572
-01.61560
-01.55518
-01.49170
-01.42822
-01.36230
-01.29547
-01.22772
-01.15906
-01.08795
-01.01715
-00.94452
-00.87036
-00.79681
-00.72174
-00.64636
-00.56915
-00.49286
-00.41534
-00.33752
-00.25909
-00.18127
-00.10284
-00.02411
00.05554
00.13306
00.21210
00.29022
00.36774
00.44678
00.52307
00.59967
00.67566
00.75104
00.82489
00.90057
00.97351
01.04431
01.11572
01.18622
01.25458
01.32233
01.38885
01.45355
01.51611
01.57715
01.63818
01.69678
01.75385
01.80939
01.86218
01.91406
01.96289
02.01233
02.05719
02.10144
02.14233
02.18231
02.21985
02.25433
02.28882
02.31934
02.34741
02.37396
02.39868
02.41943
02.43805
02.45483
02.46887
02.48077
02.49023
02.49725
02.50275
02.50397
02.50305
02.49908
02.49420
02.48657
02.47498
02.46307
02.44720
02.42950
02.41028
02.38739
02.36298
02.33459
02.30560
02.27417
02.23907
02.20428
02.16553
02.12524
02.08221
02.03796
01.99158
01.94305
01.89148
01.83929
01.78558
01.72974
01.67114
01.61224
01.55121
01.48956
01.42578
01.35986
01.29364
01.22467
01.15601
01.08490
01.01349
00.94116
00.86761
00.79346
00.71808
00.64240
00.56702
00.48889
00.41199
00.33386
00.25543
00.17792
00.09949
00.02167
-00.05859
-00.13672
-00.21545
-00.29327
-00.37109
-00.44830
-00.52551
-00.60242
-00.67871
-00.75165
-00.82886
-00.90302
-00.97626
-01.04736
-01.11908
-01.18958
-01.25671
-01.32507
-01.39160
-01.45752
-01.51978
-01.58203
-01.64246
-01.70105
-01.75812
-01.81427
-01.86646
-01.91772
-01.96716
-02.01569
-02.06177
-02.10510
-02.14691
-02.18597
-02.22443
-02.25800
-02.29218
-02.32300
-02.35077
-02.37701
-02.40112
-02.42249
-02.44141
-02.45789
-02.47345
-02.48444
-02.49390
-02.50061
-02.50580
-02.50732
-02.50641
-02.50397
-02.49878
-02.49115
-02.48077
-02.46704
-02.45239
-02.43439
-02.41486
-02.39197
-02.36603
-02.33948
-02.30988
-02.27844
-02.24487
-02.20825
-02.17010
-02.12738
-02.08679
-02.04132
-01.99432
-01.94580
-01.89606
-01.84235
-01.78955
-01.73309
-01.67480
-01.61560
-01.55487
-01.49231
-01.42853
-01.36322
-01.29669
-01.22894
-01.15814
-01.08795
-01.01715
-00.94482
-00.87067
-00.79620
-00.72266
-00.64636
-00.56946
-00.49225
-00.41595
-00.33722
-00.25848
-00.18097
-00.10223
-00.02289
00.05493
00.13367
00.21149
00.29022
00.36865
00.44556
00.52246
00.59906
00.67596
00.75134
00.82581
00.90057
00.97260
01.04462
01.11572
01.18500
01.25397
01.32141
01.38855
01.45203
01.51520
01.57745
01.63788
01.69647
01.75293
01.80939
01.86188
01.91437
01.96411
02.01202
02.05597
02.10083
02.14203
02.18262
02.21924
02.25647
02.28821
02.31934
02.34741
02.37366
02.39868
02.41974
02.43835
02.45361
02.46857
02.48077
02.48993
02.49725
02.50153
02.50275
02.50244
02.49908
02.49420
02.48627
02.47498
02.46246
02.44751
02.43011
02.40936
02.38770
02.36237
02.33521
02.30560
02.27448
02.24060
02.20367
02.16492
02.12524
02.08313
02.03766
01.99097
01.94366
01.89209
01.83899
01.78497
01.72943
01.67267
01.61194
01.55090
01.48895
01.42456
01.35834
01.29211
01.22406
01.15509
01.08459
01.01349
00.94025
00.86731
00.79376
00.71777
00.64301
00.56549
00.49011
00.41199
00.33356
00.25543
00.17822
00.09918
00.02045
-00.05890
-00.13550
-00.21515
-00.29327
-00.37140
-00.44769
-00.52643
-00.60303
-00.67871
-00.75348
-00.82855
-00.90363
-00.97595
-01.04736
-01.11877
-01.18866
-01.25824
-01.32538
-01.39160
-01.45660
-01.51947
-01.58234
-01.64246
-01.70105
-01.75934
-01.81366
-01.86676
-01.91742
-01.96747
-02.01599
-02.06177
-02.10480
-02.14691
-02.18628
-02.22321
-02.25861
-02.29218
-02.32208
-02.35107
-02.37701
-02.40173
-02.42371
-02.44141
-02.45850
-02.47284
-02.48474
-02.49359
-02.50092
-02.50702
-02.50732
-02.50793
-02.50366
-02.49939
-02.49115
-02.47955
-02.46674
-02.45178
-02.43408
-02.41455
-02.39166
-02.36694
-02.33887
-02.30988
-02.27783
-02.24426
-02.20703
-02.16797
-02.12891
-02.08557
-02.04163
-01.99493
-01.94611
-01.89636
-01.84265
-01.78986
-01.73340
-01.67603
-01.61560
-01.55548
-01.49323
-01.42914
-01.36322
-01.29791
-01.22833
-01.15906
-01.08795
-01.01776
-00.94452
-00.87097
-00.79651
-00.72205
-00.64606
-00.56946
-00.49286
-00.41504
-00.33630
-00.25787
-00.18066
-00.10284
-00.02411
00.05524
00.13214
00.21210
00.29022
00.36804
00.44495
00.52277
00.59937
00.67535
00.75073
00.82489
00.89874
00.97198
01.04431
01.11572
01.18561
01.25305
01.32263
01.38794
01.45264
01.51489
01.57776
01.63788
01.69647
01.75354
01.80878
01.86218
01.91437
01.96289
02.01233
02.05688
02.10144
02.14294
02.18231
02.21985
02.25525
02.28790
02.31903
02.34741
02.37396
02.39716
02.41943
02.43805
02.45422
02.46887
02.48047
02.48962
02.49664
02.50092
02.50275
02.50183
02.49939
02.49390
02.48657
02.47498
02.46277
02.44781
02.43103
02.40967
02.38708
02.36298
02.33582
02.30652
02.27539
02.24152
02.20459
02.16583
02.12524
02.08313
02.03766
01.99158
01.94275
01.89209
01.83899
01.78528
01.73065
01.67114
01.61102
01.55029
01.48865
01.42426
01.35986
01.29303
01.22437
01.15448
01.08521
01.01349
00.94055
00.86670
00.79315
00.71869
00.64270
00.56641
00.49011
00.41260
00.33478
00.25604
00.17914
00.10071
00.02075
-00.05768
-00.13550
-00.21545
-00.29388
-00.37109
-00.44830
-00.52643
-00.60272
-00.67932
-00.75409
-00.82916
-00.90302
-00.97656
-01.04767
-01.11969
-01.18866
-01.25854
-01.32660
-01.39099
-01.45538
-01.52008
-01.58142
-01.64154
-01.69952
-01.75751
-01.81274
-01.86646
-01.91742
-01.96716
-02.01538
-02.06055
-02.10419
-02.14630
-02.18567
-02.22412
-02.25891
-02.29187
-02.32269
-02.35229
-02.37793
-02.40173
-02.42279
-02.44202
-02.45850
-02.47284
-02.48474
-02.49573
-02.50122
-02.50519
-02.50732
-02.50671
-02.50427
-02.49878
-02.49054
-02.47955
-02.46704
-02.45239
-02.43378
-02.41333
-02.39105
-02.36633
-02.33856
-02.30835
-02.27875
-02.24518
-02.20825
-02.16858
-02.12860
-02.08771
-02.04224
-01.99554
-01.94580
-01.89667
-01.84326
-01.78925
-01.73370
-01.67542
-01.61560
-01.55640
-01.49200
-01.42883
-01.36292
-01.29700
-01.22742
-01.15814
-01.08856
-01.01685
-00.94421
-00.87036
-00.79651
-00.72205
-00.64514
-00.56854
-00.49225
-00.41473
-00.33752
-00.25879
-00.18280
-00.10284
-00.02380
00.05463
00.13306
00.21210
00.29022
00.36774
00.44525
00.52307
00.59784
00.67474
00.75104
00.82611
00.90027
00.97229
01.04492
01.11481
01.18622
01.25397
01.32233
01.38763
01.45325
01.51581
01.57776
01.63788
01.69769
01.75415
01.80939
01.86157
01.91437
01.96442
02.01172
02.05750
02.10114
02.14264
02.18201
02.21954
02.25525
02.28729
02.31873
02.34680
02.37366
02.39746
02.41974
02.43835
02.45422
02.46887
02.48108
02.48993
02.49664
02.50092
02.50336
02.50275
02.49939
02.49451
02.48718
02.47650
02.46246
02.44843
02.43073
02.40936
02.38800
02.36267
02.33521
02.30682
02.27448
02.23999
02.20215
02.16614
02.12555
02.08221
02.03735
01.99127
01.94336
01.89148
01.83929
01.78558
01.72943
01.67145
01.61102
01.55121
01.48987
01.42487
01.35956
01.29272
01.22528
01.15601
01.08582
01.01471
00.94086
00.86823
00.79376
00.71930
00.64331
00.56671
00.49042
00.41168
00.33447
00.25665
00.17822
00.09888
00.02045
-00.05829
-00.13550
-00.21484
-00.29236
-00.37140
-00.44769
-00.52643
-00.60242
-00.67841
-00.75348
-00.82855
-00.90210
-00.97595
-01.04675
-01.11908
-01.18866
-01.25763
-01.32477
-01.39130
-01.45660
-01.51825
-01.58112
-01.64185
-01.70166
-01.75690
-01.81244
-01.86646
-01.91833
-01.96716
-02.01538
-02.06146
-02.10510
-02.14722
-02.18658
-02.22412
-02.25891
-02.29218
-02.32239
-02.35199
-02.37671
-02.40204
-02.42310
-02.44141
-02.45819
-02.47284
-02.48474
-02.49359
-02.50031
-02.50641
-02.50732
-02.50671
-02.50366
-02.49847
-02.49023
-02.47833
-02.46735
-02.45209
-02.43378
-02.41364
-02.39105
-02.36664
-02.33856
-02.30957
-02.27814
-02.24457
-02.20764
-02.16980
-02.12952
-02.08679
-02.04163
-01.99524
-01.94489
-01.89636
-01.84387
-01.79016
-01.73370
-01.67542
-01.61591
-01.55518
-01.49231
-01.42822
-01.36261
-01.29639
-01.22772
-01.15875
-01.08917
-01.01685
-00.94421
-00.86975
-00.79620
-00.72083
-00.64606
-00.56915
-00.49225
-00.41565
-00.33752
-00.25909
-00.18127
-00.10315
-00.02380
00.05493
00.13275
00.21118
00.28961
00.36743
00.44556
00.52216
00.59967
00.67566
00.75134
00.82550
00.89996
00.97260
01.04401
01.11664
01.18652
01.25427
01.32233
01.38855
01.45325
01.51550
01.57745
01.63849
01.69647
01.75232
01.80878
01.86218
01.91345
01.96289
02.01233
02.05688
02.10114
02.14264
02.18292
02.22015
02.25403
02.28760
02.31934
02.34711
02.37427
02.39777
02.42035
02.43805
02.45422
02.46979
02.48199
02.48962
02.49695
02.50183
02.50336
02.50214
02.50031
02.49390
02.48596
02.47620
02.46246
02.44812
02.43011
02.41028
02.38770
02.36237
02.33490
02.30621
02.27539
02.23938
02.20306
02.16644
02.12585
02.08221
02.03796
01.99188
01.94336
01.89240
01.83929
01.78558
01.72974
01.67206
01.61255
01.55090
01.48926
01.42609
01.36017
01.29333
01.22467
01.15570
01.08521
01.01349
00.94086
00.86761
00.79407
00.71808
00.64301
00.56610
00.48920
00.41168
00.33478
00.25513
00.17914
00.09979
00.02136
-00.05768
-00.13519
-00.21545
-00.29327
-00.37201
-00.44800
-00.52582
-00.60242
-00.67871
-00.75256
-00.82916
-00.90240
-00.97565
-01.04675
-01.11847
-01.18927
-01.25763
-01.32507
-01.39099
-01.45599
-01.51917
-01.58112
-01.64276
-01.70105
-01.75751
-01.81305
-01.86646
-01.91772
-01.96777
-02.01538
-02.06177
-02.10480
-02.14722
-02.18689
-02.22382
-02.25800
-02.29156
-02.32239
-02.35138
-02.37732
-02.40143
-02.42310
-02.44141
-02.45850
-02.47314
-02.48474
-02.49420
-02.50092
-02.50641
-02.50763
-02.50702
-02.50397
-02.49878
-02.49054
-02.48047
-02.46796
-02.45239
-02.43378
-02.41425
-02.39197
-02.36725
-02.33917
-02.30957
-02.27814
-02.24426
-02.20764
-02.17010
-02.12891
-02.08649
-02.04071
-01.99615
-01.94641
-01.89667
-01.84326
-01.78894
-01.73218
-01.67450
-01.61591
-01.55518
-01.49261
-01.42914
-01.36292
-01.29700
-01.22864
-01.15906
-01.08917
-01.01624
-00.94452
-00.87097
-00.79742
-00.72296
-00.64636
-00.56976
-00.49194
-00.41504
-00.33813
-00.25940
-00.18158
-00.10254
-00.02380
00.05402
00.13245
00.21088
00.29053
00.36804
00.44556
00.52277
00.59967
00.67535
00.75104
00.82642
00.90027
00.97260
01.04340
01.11511
01.18622
01.25427
01.32141
01.38702
01.45264
01.51550
01.57623
01.63757
01.69586
01.75293
01.80878
01.86127
01.91437
01.96289
02.01233
02.05688
02.10052
02.14264
02.18262
02.21985
02.25555
02.28851
02.31964
02.34741
02.37427
02.39746
02.41943
02.43835
02.45422
02.47040
02.48047
02.48901
02.49725
02.50122
02.50275
02.50122
02.49847
02.49329
02.48657
02.47528
02.46277
02.44751
02.42981
02.40936
02.38770
02.36206
02.33643
02.30682
02.27539
02.24030
02.20459
02.16736
02.12646
02.08252
02.03796
01.99188
01.94336
01.89240
01.84021
01.78528
01.72974
01.67297
01.61194
01.55151
01.48895
01.42456
01.35864
01.29211
01.22437
01.15570
01.08551
01.01379
00.94086
00.86731
00.79346
00.71930
00.64331
00.56610
00.48981
00.41199
00.33630
00.25604
00.17822
00.09949
00.02167
-00.05737
-00.13611
-00.21454
-00.29236
-00.37018
-00.44769
-00.52612
-00.60211
-00.67932
-00.75439
-00.82947
-00.90363
-00.97534
-01.04767
-01.11908
-01.18927
-01.25793
-01.32538
-01.39160
-01.45660
-01.51978
-01.58081
-01.64185
-01.70044
-01.75751
-01.81305
-01.86707
-01.91742
-01.96655
-02.01447
-02.06146
-02.10449
-02.14600
-02.18628
-02.22412
-02.25800
-02.29095
-02.32330
-02.35138
-02.37732
-02.40204
-02.42310
-02.44171
-02.45941
-02.47406
-02.48474
-02.49390
-02.50122
-02.50671
-02.50763
-02.50732
-02.50397
-02.49878
-02.48901
-02.48047
-02.46735
-02.45148
-02.43317
-02.41364
-02.39166
-02.36725
-02.33948
-02.30988
-02.27844
-02.24487
-02.20734
-02.17010
-02.12952
-02.08710
-02.04224
-01.99463
-01.94580
-01.89606
-01.84357
-01.78986
-01.73401
-01.67603
-01.61743
-01.55609
-01.49261
-01.42883
-01.36353
-01.29578
-01.22833
-01.15845
-01.08795
-01.01746
-00.94421
-00.87189
-00.79712
-00.72174
-00.64575
-00.56915
-00.49286
-00.41534
-00.33783
-00.25848
-00.18127
-00.10345
-00.02319
00.05524
00.13214
00.21179
00.29053
00.36804
00.44464
00.52246
00.59937
00.67657
00.75165
00.82489
00.90027
00.97168
01.04431
01.11603
01.18561
01.25336
01.32111
01.38672
01.45233
01.51520
01.57715
01.63727
01.69678
01.75262
01.80878
01.86249
01.91376
01.96320
02.01233
02.05719
02.10175
02.14386
02.18475
02.21985
02.25525
02.28790
02.31934
02.34711
02.37335
02.39868
02.41913
02.43805
02.45453
02.46887
02.48047
02.48871
02.49634
02.50122
02.50275
02.50183
02.49969
02.49420
02.48627
02.47498
02.46307
02.44720
02.43103
02.41028
02.38861
02.36328
02.33582
02.30713
02.27570
02.24091
02.20490
02.16675
02.12555
02.08282
02.03766
01.99158
01.94336
01.89148
01.83838
01.78497
01.72882
01.67145
01.61255
01.55029
01.48895
01.42456
01.35864
01.29242
01.22528
01.15479
01.08459
01.01379
00.94147
00.86823
00.79407
00.71930
00.64392
00.56641
00.49072
00.41321
00.33539
00.25604
00.17853
00.10040
00.02075
-00.05676
-00.13489
-00.21484
-00.29419
-00.37170
-00.44830
-00.52643
-00.60333
-00.67902
-00.75409
-00.82947
-00.90302
-00.97565
-01.04706
-01.11908
-01.18835
-01.25763
-01.32477
-01.39160
-01.45538
-01.51764
-01.58112
-01.64185
-01.69983
-01.75751
-01.81213
-01.86646
-01.91742
-01.96686
-02.01538
-02.06146
-02.10480
-02.14691
-02.18628
-02.22412
-02.25891
-02.29309
-02.32300
-02.35168
-02.37732
-02.40143
-02.42310
-02.44232
-02.45880
-02.47284
-02.48474
-02.49359
-02.50122
-02.50641
-02.50580
-02.50671
-02.50305
-02.49908
-02.48993
-02.47925
-02.46735
-02.45209
-02.43317
-02.41425
-02.39166
-02.36725
-02.33917
-02.30957
-02.27783
-02.24426
-02.20947
-02.16949
-02.12921
-02.08618
-02.04163
-01.99615
-01.94672
-01.89636
-01.84357
-01.78986
-01.73370
-01.67572
-01.61591
-01.55518
-01.49292
-01.42944
-01.36292
-01.29761
-01.22864
-01.15936
-01.08856
-01.01776
-00.94452
-00.87036
-00.79712
-00.72235
-00.64636
-00.56976
-00.49286
-00.41565
-00.33752
-00.25940
-00.18066
-00.10254
-00.02441
00.05493
00.13245
00.21210
00.28961
00.36774
00.44495
00.52307
00.60028
00.67505
00.75104
00.82489
00.89966
00.97229
01.04431
01.11542
01.18561
01.25305
01.32233
01.38794
01.45355
01.51520
01.57745
01.63818
01.69647
01.75385
01.80908
01.86279
01.91437
01.96381
02.01263
02.05750
02.10144
02.14264
02.18201
02.21924
02.25555
02.28790
02.31934
02.34680
02.37335
02.39655
02.41943
02.43744
02.45544
02.46887
02.48108
02.48962
02.49756
02.50153
02.50275
02.50183
02.49969
02.49390
02.48718
02.47559
02.46368
02.44812
02.43073
02.41058
02.38770
02.36389
02.33582
02.30682
02.27478
02.24091
02.20428
02.16583
02.12555
02.08282
02.03766
01.99127
01.94244
01.89209
01.83960
01.78497
01.72882
01.67175
01.61255
01.55029
01.48926
01.42517
01.36017
01.29272
01.22528
01.15601
01.08521
01.01471
00.94238
00.86761
00.79376
00.71869
00.64362
00.56732
00.49072
00.41229
00.33478
00.25604
00.17914
00.09979
00.02075
-00.05951
-00.13702
-00.21515
-00.29388
-00.37140
-00.44861
-00.52551
-00.60303
-00.67902
-00.75378
-00.82886
-00.90240
-00.97534
-01.04706
-01.11938
-01.18713
-01.25610
-01.32446
-01.39130
-01.45660
-01.51917
-01.58020
-01.64124
-01.70074
-01.75690
-01.81305
-01.86646
-01.91742
-01.96747
-02.01660
-02.06146
-02.10541
-02.14661
-02.18689
-02.22473
-02.25861
-02.29218
-02.32300
-02.35260
-02.37701
-02.40173
-02.42249
-02.44171
-02.45911
-02.47284
-02.48383
-02.49390
-02.50061
-02.50549
-02.50671
-02.50671
-02.50427
-02.49878
-02.49054
-02.47986
-02.46735
-02.45178
-02.43439
-02.41547
-02.39319
-02.36755
-02.33948
-02.30988
-02.27875
-02.24457
-02.20825
-02.16980
-02.12921
-02.08801
-02.04193
-01.99585
-01.94611
-01.89636
-01.84265
-01.78925
-01.73309
-01.67603
-01.61621
-01.55579
-01.49231
-01.43005
-01.36322
-01.29639
-01.22864
-01.15906
-01.08795
-01.01715
-00.94543
-00.87097
-00.79773
-00.72174
-00.64606
-00.56976
-00.49286
-00.41565
-00.33813
-00.25940
-00.18127
-00.10315
-00.02441
00.05432
00.13275
00.21149
00.28992
00.36682
00.44525
00.52216
00.59998
00.67474
00.74951
00.82642
00.90027
00.97198
01.04431
01.11542
01.18652
01.25397
01.32233
01.38763
01.45264
01.51550
01.57776
01.63879
01.69617
01.75293
01.80878
01.86157
01.91376
01.96320
02.01172
02.05658
02.10052
02.14264
02.18292
02.21985
02.25616
02.28790
02.31903
02.34558
02.37366
02.39716
02.41943
02.43835
02.45422
02.46887
02.48108
02.49023
02.49817
02.50183
02.50336
02.50305
02.49939
02.49390
02.48657
02.47620
02.46246
02.44781
02.43042
02.41028
02.38770
02.36237
02.33521
02.30560
02.27386
02.24060
02.20367
02.16675
02.12585
02.08313
02.03796
01.99158
01.94397
01.89209
01.83960
01.78558
01.73004
01.67145
01.61255
01.55151
01.48987
01.42456
01.36047
01.29364
01.22559
01.15570
01.08551
01.01501
00.94147
00.86761
00.79254
00.71960
00.64331
00.56702
00.49103
00.41229
00.33478
00.25696
00.17944
00.09918
00.02075
-00.05768
-00.13519
-00.21484
-00.29205
-00.37079
-00.44800
-00.52643
-00.60211
-00.67780
-00.75409
-00.82825
-00.90240
-00.97565
-01.04736
-01.11847
-01.18744
-01.25671
-01.32446
-01.39038
-01.45569
-01.51855
-01.58081
-01.64124
-01.70105
-01.75812
-01.81244
-01.86676
-01.91711
-01.96808
-02.01599
-02.06207
-02.10541
-02.14661
-02.18567
-02.22412
-02.25861
-02.29218
-02.32239
-02.35199
-02.37640
-02.40143
-02.42249
-02.44171
-02.45819
-02.47223
-02.48413
-02.49298
-02.50061
-02.50610
-02.50793
-02.50732
-02.50427
-02.49908
-02.49023
-02.47955
-02.46796
-02.45239
-02.43378
-02.41455
-02.39197
-02.36847
-02.33887
-02.31049
-02.27875
-02.24548
-02.20764
-02.16980
-02.12952
-02.08679
-02.04132
-01.99524
-01.94672
-01.89545
-01.84235
-01.79047
-01.73340
-01.67511
-01.61560
-01.55579
-01.49292
-01.42944
-01.36383
-01.29700
-01.22864
-01.15967
-01.08917
-01.01807
-00.94482
-00.87067
-00.79834
-00.72296
-00.64697
-00.57007
-00.49347
-00.41595
-00.33752
-00.25940
-00.18097
-00.10284
-00.02350
00.05432
00.13306
00.21240
00.28992
00.36743
00.44525
00.52246
00.59998
00.67444
00.75043
00.82581
00.89966
00.97260
01.04431
01.11542
01.18469
01.25336
01.32141
01.38611
01.45233
01.51550
01.57837
01.63727
01.69647
01.75293
01.80817
01.86157
01.91345
01.96320
02.01172
02.05750
02.10144
02.14233
02.18262
02.21985
02.25494
02.28821
02.31873
02.34711
02.37457
02.39777
02.41974
02.43805
02.45453
02.46887
02.48138
02.49054
02.49573
02.50092
02.50275
02.50244
02.49908
02.49420
02.48657
02.47498
02.46277
02.44751
02.43011
02.41028
02.38770
02.36298
02.33582
02.30591
02.27753
02.24182
02.20459
02.16553
02.12677
02.08374
02.03796
01.99249
01.94366
01.89270
01.83899
01.78680
01.73004
01.67084
01.61133
01.55121
01.48865
01.42578
01.35986
01.29364
01.22467
01.15509
01.08490
01.01379
00.94147
00.86792
00.79437
00.71869
00.64301
00.56702
00.49072
00.41321
00.33569
00.25665
00.17944
00.09918
00.02167
-00.05737
-00.13550
-00.21515
-00.29266
-00.37048
-00.44800
-00.52551
-00.60211
-00.68024
-00.75409
-00.82886
-00.90363
-00.97534
-01.04736
-01.11816
-01.18896
-01.25763
-01.32507
-01.39099
-01.45508
-01.51917
-01.58020
-01.64185
-01.70013
-01.75629
-01.81183
-01.86646
-01.91833
-01.96777
-02.01569
-02.06116
-02.10419
-02.14630
-02.18689
-02.22321
-02.25922
-02.29218
-02.32330
-02.35107
-02.37671
-02.40173
-02.42249
-02.44202
-02.45453
-02.47253
-02.48474
-02.49451
-02.50061
-02.50580
-02.50702
-02.50671
-02.50427
-02.49908
-02.49054
-02.48016
-02.46674
-02.45300
-02.43408
-02.41425
-02.39227
-02.36725
-02.34009
-02.31110
-02.27814
-02.24457
-02.20825
-02.17010
-02.12860
-02.08649
-02.04102
-01.99524
-01.94611
-01.89545
-01.84357
-01.79047
-01.73401
-01.67603
-01.61652
-01.55579
-01.49292
-01.42944
-01.36292
-01.29700
-01.22864
-01.15967
-01.08978
-01.01868
-00.94452
-00.87128
-00.79681
-00.72296
-00.64667
-00.56946
-00.49286
-00.41534
-00.33844
-00.25970
-00.18127
-00.10254
-00.02380
00.05432
00.13336
00.21118
00.28961
00.36713
00.44495
00.52307
00.59906
00.67474
00.75073
00.82489
00.89935
00.97198
01.04401
01.11389
01.18500
01.25397
01.32172
01.38733
01.45294
01.51428
01.57745
01.63727
01.69647
01.75262
01.80878
01.86157
01.91498
01.96289
02.01172
02.05811
02.10175
02.14264
02.18292
02.22046
02.25525
02.28821
02.31903
02.34711
02.37366
02.39777
02.41974
02.43774
02.45392
02.46918
02.48108
02.48871
02.49634
02.50092
02.50336
02.50183
02.49969
02.49329
02.48596
02.47498
02.46277
02.44812
02.43042
02.41028
02.38922
02.36298
02.33673
02.30682
02.27478
02.24121
02.20428
02.16705
02.12646
02.08374
02.03827
01.99219
01.94305
01.89148
01.83899
01.78558
01.72791
01.67114
01.61224
01.55121
01.49048
01.42517
01.35956
01.29242
01.22467
01.15509
01.08643
01.01410
00.94360
00.86792
00.79468
00.71899
00.64423
00.56671
00.49072
00.41229
00.33691
00.25635
00.17883
00.10040
00.02136
-00.05768
-00.13611
-00.21576
-00.29327
-00.37170
-00.44830
-00.52582
-00.60242
-00.67902
-00.75348
-00.82825
-00.90302
-00.97565
-01.04767
-01.11877
-01.18805
-01.25702
-01.32416
-01.39130
-01.45447
-01.51825
-01.58081
-01.64154
-01.70074
-01.75781
-01.81183
-01.86615
-01.91742
-01.96686
-02.01538
-02.06146
-02.10449
-02.14691
-02.18719
-02.22412
-02.25891
-02.29095
-02.32147
-02.35168
-02.37701
-02.40173
-02.42249
-02.44202
-02.45789
-02.47284
-02.48444
-02.49420
-02.50092
-02.50641
-02.50702
-02.50641
-02.50366
-02.49939
-02.48993
-02.47986
-02.46796
-02.45178
-02.43378
-02.41364
-02.39227
-02.36694
-02.33948
-02.31018
-02.27875
-02.24487
-02.20703
-02.16980
-02.12952
-02.08679
-02.04193
-01.99615
-01.94733
-01.89697
-01.84387
-01.79077
-01.73401
-01.67633
-01.61560
-01.55609
-01.49292
-01.42914
-01.36444
-01.29700
-01.22833
-01.15967
-01.08917
-01.01807
-00.94299
-00.87097
-00.79803
-00.72235
-00.64545
-00.56946
-00.49316
-00.41473
-00.33813
-00.25970
-00.18127
-00.10345
-00.02411
00.05371
00.13214
00.21118
00.28931
00.36743
00.44434
00.52155
00.59906
00.67413
00.75012
00.82458
00.89935
00.97290
01.04431
01.11542
01.18561
01.25397
01.32172
01.38733
01.45294
01.51550
01.57715
01.63696
01.69617
01.75262
01.80878
01.86310
01.91406
01.96350
02.01172
02.05658
02.10144
02.14264
02.18262
02.21924
02.25403
02.28760
02.31903
02.34711
02.37305
02.39716
02.41974
02.43591
02.45392
02.46887
02.48138
02.48932
02.49634
02.50092
02.50366
02.50275
02.49969
02.49359
02.48657
02.47620
02.46399
02.44843
02.43042
02.41028
02.38770
02.36298
02.33551
02.30865
02.27509
02.23999
02.20428
02.16644
02.12524
02.08282
02.03735
01.99158
01.94244
01.89178
01.83929
01.78558
01.73004
01.67084
01.61255
01.55121
01.48987
01.42517
01.35986
01.29364
01.22589
01.15601
01.08551
01.01471
00.94360
00.86792
00.79498
00.71960
00.64423
00.56702
00.49011
00.41290
00.33508
00.25635
00.17822
00.09949
00.02106
-00.05829
-00.13550
-00.21484
-00.29388
-00.37109
-00.44769
-00.52460
-00.60242
-00.67841
-00.75378
-00.82916
-00.90179
-00.97534
-01.04645
-01.11816
-01.18805
-01.25580
-01.32477
-01.39038
-01.45508
-01.51794
-01.58112
-01.64185
-01.70013
-01.75659
-01.81213
-01.86676
-01.91803
-01.96747
-02.01630
-02.06177
-02.10510
-02.14691
-02.18628
-02.22412
-02.25830
-02.29187
-02.32239
-02.35168
-02.37701
-02.40173
-02.42218
-02.44080
-02.45728
-02.47345
-02.48413
-02.49329
-02.50061
-02.50641
-02.50702
-02.50671
-02.50427
-02.49847
-02.49054
-02.47986
-02.46704
-02.45239
-02.43439
-02.41394
-02.39197
-02.36694
-02.33948
-02.31018
-02.27875
-02.24426
-02.20825
-02.16949
-02.12891
-02.08710
-02.04163
-01.99554
-01.94641
-01.89728
-01.84357
-01.78955
-01.73340
-01.67633
-01.61621
-01.55640
-01.49231
-01.42944
-01.36322
-01.29639
-01.22833
-01.15906
-01.08948
-01.01715
-00.94482
-00.87097
-00.79773
-00.72266
-00.64636
-00.56824
-00.49194
-00.41595
-00.33875
-00.25909
-00.18127
-00.10315
-00.02441
00.05341
00.13245
00.21057
00.28961
00.36713
00.44434
00.52124
00.59875
00.67444
00.75043
00.82550
00.89966
00.97137
01.04370
01.11603
01.18591
01.25397
01.32202
01.38794
01.45294
01.51550
01.57715
01.63879
01.69617
01.75354
01.80817
01.86188
01.91406
01.96289
02.01080
02.05627
02.10052
02.14264
02.18231
02.21924
02.25494
02.28790
02.31964
02.34558
02.37335
02.39716
02.42004
02.43805
02.45483
02.46948
02.48138
02.48993
02.49664
02.50214
02.50366
02.50305
02.50092
02.49359
02.48596
02.47681
02.46307
02.44751
02.42920
02.41028
02.38739
02.36298
02.33521
02.30591
02.27448
02.24030
02.20337
02.16583
02.12677
02.08374
02.03766
01.99188
01.94366
01.89270
01.84082
01.78558
01.73004
01.67206
01.61316
01.55182
01.48956
01.42609
01.36017
01.29303
01.22589
01.15662
01.08612
01.01379
00.94116
00.86792
00.79437
00.71899
00.64331
00.56641
00.49042
00.41260
00.33508
00.25574
00.17914
00.10010
00.02106
-00.05737
-00.13519
-00.21393
-00.29327
-00.37079
-00.44830
-00.52551
-00.60211
-00.67871
-00.75348
-00.82794
-00.90179
-00.97382
-01.04736
-01.11877
-01.18896
-01.25702
-01.32477
-01.39221
-01.45538
-01.51855
-01.58081
-01.64063
-01.69983
-01.75659
-01.81244
-01.86615
-01.91772
-01.96747
-02.01508
-02.06146
-02.10480
-02.14783
-02.18628
-02.22382
-02.25769
-02.29218
-02.32300
-02.35138
-02.37732
-02.40143
-02.42188
-02.44171
-02.45819
-02.47528
-02.48413
-02.49176
-02.50061
-02.50641
-02.50763
-02.50671
-02.50336
-02.49817
-02.49084
-02.48077
-02.46735
-02.45300
-02.43439
-02.41425
-02.39166
-02.36664
-02.34039
-02.30927
-02.27783
-02.24457
-02.20795
-02.17133
-02.12921
-02.08679
-02.04193
-01.99554
-01.94611
-01.89575
-01.84387
-01.79016
-01.73187
-01.67572
-01.61621
-01.55548
-01.49261
-01.42914
-01.36322
-01.29700
-01.22955
-01.15906
-01.08948
-01.01776
-00.94543
-00.87128
-00.79681
-00.72296
-00.64636
-00.57007
-00.49377
-00.41595
-00.33844
-00.25909
-00.18097
-00.10315
-00.02380
00.05371
00.13306
00.21149
00.29022
00.36713
00.44342
00.52246
00.59967
00.67505
00.75043
00.82550
00.89905
00.97168
01.04401
01.11511
01.18530
01.25336
01.32111
01.38763
01.45355
01.51428
01.57776
01.63727
01.69617
01.75201
01.80939
01.86188
01.91345
01.96289
02.01141
02.05658
02.10144
02.14264
02.18262
02.21741
02.25494
02.28729
02.31934
02.34741
02.37396
02.39868
02.41913
02.43774
02.45422
02.46918
02.48077
02.48962
02.49725
02.50214
02.50366
02.50336
02.49939
02.49390
02.48627
02.47559
02.46368
02.44751
02.43073
02.41028
02.38770
02.36267
02.33551
02.30560
02.27417
02.24091
02.20367
02.16614
02.12677
02.08282
02.03857
01.99188
01.94366
01.89240
01.83990
01.78680
01.73065
01.67267
01.61316
01.55151
01.48956
01.42517
01.36047
01.29395
01.22559
01.15509
01.08429
01.01471
00.94116
00.86761
00.79437
00.71960
00.64362
00.56641
00.49072
00.41412
00.33447
00.25604
00.17914
00.10101
00.02228
-00.05646
-00.13428
-00.21393
-00.29266
-00.36987
-00.44708
-00.52521
-00.60150
-00.67749
-00.75439
-00.82825
-00.90302
-00.97534
-01.04767
-01.12000
-01.18835
-01.25671
-01.32538
-01.39130
-01.45538
-01.51886
-01.58203
-01.64185
-01.70013
-01.75751
-01.81244
-01.86615
-01.91650
-01.96625
-02.01477
-02.06085
-02.10388
-02.14600
-02.18597
-02.22321
-02.25800
-02.29218
-02.31995
-02.35107
-02.37732
-02.40143
-02.42249
-02.44202
-02.45880
-02.47314
-02.48505
-02.49390
-02.50153
-02.50580
-02.50732
-02.50671
-02.50397
-02.49939
-02.49084
-02.47986
-02.46704
-02.45117
-02.43347
-02.41394
-02.39105
-02.36725
-02.33887
-02.30988
-02.27844
-02.24609
-02.20764
-02.16949
-02.12860
-02.08649
-02.04193
-01.99524
-01.94702
-01.89667
-01.84357
-01.78986
-01.73462
-01.67633
-01.61652
-01.55579
-01.49353
-01.42914
-01.36383
-01.29761
-01.22894
-01.15906
-01.08917
-01.01776
-00.94513
-00.87158
-00.79803
-00.72327
-00.64636
-00.56946
-00.49377
-00.41595
-00.33722
-00.25970
-00.18188
-00.10254
-00.02350
00.05371
00.13214
00.21149
00.28992
00.36713
00.44434
00.52246
00.59998
00.67535
00.75043
00.82489
00.89874
00.97168
01.04370
01.11450
01.18469
01.25305
01.32202
01.38702
01.45203
01.51428
01.57715
01.63727
01.69617
01.75323
01.80939
01.86157
01.91406
01.96350
02.01263
02.05719
02.10144
02.14294
02.18262
02.22015
02.25616
02.28851
02.31873
02.34680
02.37244
02.39685
02.41913
02.43744
02.45331
02.46857
02.48077
02.49054
02.49664
02.50153
02.50305
02.50153
02.49908
02.49329
02.48718
02.47620
02.46338
02.44781
02.43073
02.41089
02.38861
02.36328
02.33612
02.30560
02.27509
02.24091
02.20428
02.16614
02.12646
02.08282
02.03735
01.99188
01.94397
01.89240
01.83868
01.78528
01.73065
01.67145
01.61255
01.55182
01.48987
01.42517
01.35986
01.29333
01.22559
01.15601
01.08643
01.01440
00.94238
00.86761
00.79498
00.71991
00.64270
00.56702
00.49103
00.41290
00.33539
00.25665
00.18036
00.10040
00.02136
-00.05737
-00.13519
-00.21423
-00.29236
-00.36865
-00.44800
-00.52582
-00.60089
-00.67810
-00.75317
-00.82825
-00.90210
-00.97504
-01.04736
-01.11908
-01.18805
-01.25641
-01.32538
-01.39130
-01.45538
-01.51947
-01.57990
-01.64124
-01.70044
-01.75781
-01.81183
-01.86523
-01.91681
-01.96625
-02.01508
-02.06116
-02.10388
-02.14630
-02.18628
-02.22382
-02.25800
-02.29095
-02.32269
-02.35046
-02.37732
-02.40204
-02.42340
-02.44293
-02.45819
-02.47284
-02.48474
-02.49390
-02.50092
-02.50610
-02.50732
-02.50671
-02.50397
-02.50000
-02.48932
-02.47986
-02.46582
-02.45270
-02.43286
-02.41302
-02.39136
-02.36694
-02.33887
-02.30896
-02.27814
-02.24487
-02.20734
-02.16980
-02.12952
-02.08710
-02.04315
-01.99615
-01.94763
-01.89545
-01.84387
-01.79108
-01.73401
-01.67603
-01.61652
-01.55670
-01.49292
-01.42700
-01.36383
-01.29822
-01.22864
-01.15814
-01.08826
-01.01776
-00.94421
-00.87097
-00.79651
-00.72174
-00.64636
-00.57037
-00.49347
-00.41473
-00.33783
-00.25909
-00.18097
-00.10345
-00.02472
00.05341
00.13214
00.21057
00.28870
00.36682
00.44434
00.52155
00.59906
00.67474
00.75104
00.82367
00.89935
00.97229
01.04523
01.11450
01.18530
01.25427
01.32172
01.38733
01.45233
01.51428
01.57745
01.63788
01.69708
01.75354
01.80908
01.86279
01.91467
01.96320
02.01080
02.05750
02.10083
02.14172
02.18231
02.21924
02.25525
02.28821
02.32025
02.34680
02.37152
02.39777
02.41974
02.43561
02.45392
02.46887
02.48169
02.48932
02.49695
02.50183
02.50366
02.50305
02.50000
02.49390
02.48657
02.47650
02.46429
02.44781
02.43011
02.41119
02.38892
02.36298
02.33490
02.30835
02.27570
02.24121
02.20459
02.16583
02.12677
02.08282
02.03827
01.99158
01.94275
01.89209
01.84021
01.78619
01.73004
01.67236
01.61346
01.55090
01.48987
01.42426
01.36139
01.29333
01.22620
01.15631
01.08551
01.01471
00.94391
00.86945
00.79468
00.71930
00.64453
00.56671
00.49072
00.41412
00.33478
00.25574
00.17853
00.10101
00.02136
-00.05768
-00.13489
-00.21454
-00.29358
-00.37079
-00.44708
-00.52490
-00.60242
-00.67841
-00.75317
-00.82794
-00.90210
-00.97382
-01.04706
-01.11786
-01.18774
-01.25549
-01.32446
-01.39008
-01.45569
-01.51794
-01.58081
-01.64185
-01.70013
-01.75659
-01.81213
-01.86615
-01.91803
-01.96808
-02.01538
-02.06116
-02.10480
-02.14722
-02.18658
-02.22382
-02.25830
-02.29279
-02.32269
-02.35077
-02.37610
-02.40143
-02.42218
-02.44110
-02.45789
-02.47284
-02.48352
-02.49451
-02.50092
-02.50580
-02.50702
-02.50671
-02.50427
-02.49847
-02.49054
-02.47955
-02.46735
-02.45148
-02.43439
-02.41455
-02.39227
-02.36786
-02.34009
-02.30896
-02.27783
-02.24518
-02.20825
-02.16980
-02.12799
-02.08710
-02.04224
-01.99738
-01.94672
-01.89606
-01.84357
-01.79047
-01.73431
-01.67633
-01.61682
-01.55579
-01.49292
-01.42975
-01.36322
-01.29730
-01.22925
-01.15906
-01.08917
-01.01807
-00.94513
-00.87128
-00.79803
-00.72205
-00.64636
-00.56976
-00.49225
-00.41443
-00.33844
-00.26001
-00.18188
-00.10345
-00.02533
00.05341
00.13214
00.21088
00.28870
00.36621
00.44403
00.52094
00.59875
00.67413
00.74951
00.82489
00.89966
00.97198
01.04431
01.11603
01.18652
01.25427
01.32172
01.38794
01.45325
01.51520
01.57745
01.63818
01.69586
01.75262
01.80878
01.86096
01.91345
01.96167
02.01141
02.05658
02.10022
02.14172
02.18201
02.21954
02.25494
02.28790
02.31842
02.34558
02.37396
02.39838
02.41943
02.43805
02.45453
02.47009
02.48077
02.48993
02.49695
02.50122
02.50366
02.50275
02.50031
02.49420
02.48688
02.47650
02.46246
02.44751
02.42981
02.41058
02.38861
02.36237
02.33551
02.30560
02.27570
02.24121
02.20490
02.16614
02.12555
02.08344
02.03949
01.99219
01.94397
01.89209
01.84082
01.78589
01.73004
01.67206
01.61316
01.55212
01.48926
01.42609
01.36078
01.29395
01.22620
01.15631
01.08521
01.01379
00.94238
00.86823
00.79437
00.71960
00.64453
00.56702
00.49164
00.41290
00.33569
00.25635
00.17914
00.09979
00.02167
-00.05768
-00.13458
-00.21393
-00.29266
-00.37048
-00.44800
-00.52521
-00.60120
-00.67749
-00.75348
-00.82825
-00.90149
-00.97473
-01.04736
-01.11816
-01.18866
-01.25610
-01.32416
-01.39099
-01.45538
-01.51855
-01.58020
-01.64124
-01.70044
-01.75781
-01.81244
-01.86615
-01.91681
-01.96716
-02.01538
-02.06207
-02.10297
-02.14661
-02.18597
-02.22504
-02.25800
-02.29187
-02.32239
-02.35107
-02.37701
-02.40112
-02.42218
-02.44080
-02.45850
-02.47192
-02.48383
-02.49329
-02.50122
-02.50641
-02.50732
-02.50671
-02.50397
-02.49908
-02.49115
-02.48047
-02.46735
-02.45209
-02.43439
