频率2KHz   幅值09.9997 V
 
采样数据为
02.00000
05.53101
06.04919
06.54938
07.02728
07.46155
07.87659
08.26447
08.61786
08.92670
09.20441
09.45435
09.65820
09.81720
09.95850
10.00000
10.00000
10.00000
10.00000
10.00000
09.88556
09.74426
09.55048
09.31274
09.05426
08.75641
08.42682
08.05084
07.65137
07.22351
06.75903
06.27960
05.76630
05.22919
04.68567
04.10431
03.50647
02.90527
02.28851
01.67084
01.03302
00.39368
-00.23712
-00.87433
-01.51398
-02.15088
-02.76733
-03.36731
-03.96393
-04.54407
-05.09918
-05.64270
-06.16028
-06.65710
-07.13013
-07.56195
-07.97791
-08.35693
-08.70880
-09.01886
-09.29108
-09.53522
-09.73724
-09.89868
-09.99969
-09.99969
-09.99969
-09.99969
-09.99969
-09.99969
-09.96033
-09.82269
-09.62646
-09.39270
-09.13635
-08.84399
-08.51746
-08.14606
-07.75055
-07.32391
-06.86493
-06.38855
-05.87189
-05.34363
-04.79797
-04.22089
-03.62579
-03.03009
-02.41058
-01.79596
-01.15936
-00.52307
00.11047
00.74677
01.38550
02.02484
02.64435
03.24158
03.84308
04.42322
04.98352
05.52979
06.04828
06.54846
07.02454
07.45941
07.87781
08.26141
08.61572
08.92700
09.20502
09.45496
09.65851
09.81659
09.95605
10.00000
10.00000
10.00000
10.00000
10.00000
09.88342
09.74518
09.54865
09.31458
09.05457
08.75458
08.42621
08.04962
07.65198
07.22412
06.76025
06.28052
05.76691
05.22858
04.68109
04.10675
03.50555
02.90802
02.28912
01.67114
01.03394
00.39551
-00.23590
-00.87250
-01.51031
-02.15027
-02.76581
-03.36304
-03.96057
-04.54437
-05.09766
-05.64301
-06.16089
-06.65649
-07.12769
-07.55890
-07.97272
-08.35754
-08.70667
-09.01611
-09.29291
-09.53613
-09.73724
-09.89807
-09.99969
-09.99969
-09.99969
-09.99969
-09.99969
-09.99969
-09.96185
-09.82178
-09.62830
-09.39697
-09.13818
-08.84399
-08.51563
-08.14545
-07.74750
-07.32330
-06.86554
-06.38763
-05.87524
-05.34058
-04.80011
-04.22424
-03.63037
-03.03009
-02.41364
-01.79626
-01.16150
-00.52307
00.10681
00.74646
01.38214
02.02301
02.64160
03.24310
03.84399
04.42261
04.98138
05.52979
06.04889
06.54877
07.02362
07.46185
07.87506
08.26508
08.61359
08.92517
09.20380
09.45374
09.65698
09.81689
09.95850
10.00000
10.00000
10.00000
10.00000
10.00000
09.88983
09.74335
09.55170
09.31488
09.05640
08.75824
08.42804
08.05206
07.65350
07.22656
06.76178
06.28448
05.76813
05.23193
04.68445
04.10645
03.51044
02.91046
02.29004
01.67358
01.03607
00.39490
-00.23590
-00.87280
-01.50848
-02.14844
-02.76520
-03.36426
-03.95996
-04.53857
-05.09674
-05.64117
-06.15906
-06.65283
-07.12555
-07.56348
-07.97333
-08.35297
-08.70239
-09.01520
-09.28925
-09.53461
-09.73633
-09.89655
-09.99969
-09.99969
-09.99969
-09.99969
-09.99969
-09.99969
-09.96552
-09.82422
-09.62952
-09.39728
-09.13910
-08.84674
-08.51776
-08.14392
-07.74750
-07.32544
-06.86737
-06.38733
-05.87708
-05.34210
-04.80011
-04.22272
-03.62915
-03.03284
-02.41302
-01.79626
-01.16241
-00.52185
00.10559
00.74524
01.38153
02.02179
02.64008
03.23883
03.84338
04.42230
04.97955
05.52948
06.05042
06.54633
07.02332
07.46155
07.87476
08.26233
08.61511
08.92487
09.20502
09.45679
09.65881
09.81873
09.95605
10.00000
10.00000
10.00000
10.00000
10.00000
09.88556
09.74457
09.54895
09.31366
09.05579
08.75702
08.43018
08.05084
07.65228
07.22656
06.76361
06.28601
05.76965
05.23224
04.68384
04.10889
03.51196
02.90985
02.29004
01.67297
01.03790
00.39490
-00.23193
-00.87036
-01.51031
-02.14478
-02.76306
-03.36365
-03.95935
-04.53796
-05.09491
-05.63965
-06.15753
-06.65375
-07.12555
-07.55920
-07.97363
-08.35205
-08.70575
-09.01367
-09.29108
-09.53918
-09.73633
-09.89868
-09.99969
-09.99969
-09.99969
-09.99969
-09.99969
-09.99969
-09.96368
-09.82391
-09.62830
-09.39880
-09.14093
-08.84705
-08.52081
-08.14392
-07.74933
-07.32544
-06.86676
-06.38550
-05.87952
-05.34149
-04.80164
-04.22668
-03.63220
-03.03436
-02.41669
-01.80023
-01.16455
-00.52521
00.10376
00.74127
01.38245
02.01965
02.63947
03.23700
03.84003
04.41956
04.97864
05.52734
06.04828
06.54694
07.01996
07.45911
07.87659
08.26050
08.61298
08.92212
09.19983
09.45313
09.65485
09.81750
09.95667
10.00000
10.00000
10.00000
10.00000
09.99908
09.88617
09.74548
09.54987
09.31610
09.05609
08.75793
08.43170
08.05328
07.65198
07.22717
06.76575
06.28540
05.77240
05.23315
04.68597
04.10919
03.51013
02.91199
02.29401
01.67480
01.03790
00.39764
-00.23224
-00.87036
-01.50604
-02.14630
-02.76367
-03.35938
-03.95874
-04.53796
-05.09583
-05.64331
-06.15601
-06.65192
-07.12036
-07.56042
-07.97089
-08.35663
-08.70422
-09.00909
-09.28528
-09.53705
-09.74030
-09.89807
-09.99969
-09.99969
-09.99969
-09.99969
-09.99969
-09.99969
-09.96277
-09.82300
-09.62799
-09.39667
-09.13879
-08.84552
-08.51929
-08.14728
-07.74933
-07.32544
-06.87012
-06.39252
-05.88104
-05.34332
-04.80133
-04.22760
-03.63312
-03.03558
-02.41547
-01.79932
-01.16333
-00.52643
00.10315
00.74005
01.38092
02.01874
02.63794
03.23822
03.83789
04.41925
04.97803
05.52704
06.04919
06.54816
07.01874
07.45789
07.87476
08.26050
08.61084
08.92090
09.20044
09.45374
09.65515
09.81750
09.95667
10.00000
10.00000
10.00000
10.00000
10.00000
09.88647
09.74457
09.55078
09.31610
09.05731
08.75641
08.43109
08.05450
07.65381
07.22961
06.76483
06.28540
05.77271
05.23224
04.68781
04.11011
03.51349
02.91260
02.29095
01.67542
01.03943
00.39856
-00.23071
-00.86731
-01.50574
-02.14325
-02.76306
-03.35876
-03.95630
-04.53461
-05.09247
-05.64209
-06.15692
-06.65222
-07.12524
-07.55981
-07.97485
-08.35541
-08.70056
-09.01184
-09.28864
-09.53430
-09.73724
-09.89716
-09.99969
-09.99969
-09.99969
-09.99969
-09.99969
-09.99969
-09.96429
-09.81995
-09.63196
-09.39850
-09.14459
-08.84521
-08.52356
-08.14941
-07.75116
-07.32574
-06.87103
-06.39221
-05.87982
-05.34424
-04.80774
-04.23157
-03.63281
-03.03741
-02.42004
-01.80359
-01.16516
-00.52887
00.10315
00.74036
01.37848
02.01538
02.63733
03.23578
03.83698
04.41711
04.97742
05.52795
06.04858
06.54663
07.01630
07.46033
07.87262
08.26141
08.60992
08.92181
09.19922
09.45282
09.65729
09.81964
09.95392
10.00000
10.00000
10.00000
10.00000
09.99969
09.88739
09.74335
09.55017
09.31549
09.05762
08.75946
08.43201
08.05542
07.65503
07.22687
06.77032
06.28723
05.77423
05.23621
04.68964
04.11530
03.51471
02.91443
02.29370
01.67755
01.04095
00.40192
-00.22858
-00.86792
-01.50360
-02.14142
-02.76123
-03.35938
-03.95630
-04.53583
-05.09125
-05.64026
-06.15723
-06.65466
-07.11975
-07.56104
-07.97089
-08.35388
-08.70209
-09.01184
-09.28741
-09.53491
-09.73969
-09.89594
-09.99969
-09.99969
-09.99969
-09.99969
-09.99969
-09.99969
-09.96582
-09.82239
-09.63196
-09.39880
-09.14459
-08.84399
-08.52173
-08.14819
-07.75116
-07.32941
-06.87408
-06.39252
-05.88013
-05.34698
-04.80682
-04.23004
-03.63464
-03.03986
-02.41943
-01.80542
-01.16638
-00.52643
00.10223
00.73975
01.37573
02.01538
02.63489
03.23334
03.83514
04.41406
04.97528
05.52612
06.04736
06.54572
07.01721
07.45941
07.87201
08.26111
08.60901
08.91998
09.20135
09.45007
09.65668
09.81750
09.95728
10.00000
10.00000
10.00000
10.00000
10.00000
09.88831
09.74457
09.54987
09.31610
09.05975
08.75946
08.43414
08.05450
07.65625
07.22687
06.77063
06.28784
05.77271
05.23193
04.69116
04.11499
03.51624
02.91687
02.29614
01.67969
01.04279
00.40222
-00.22797
-00.86517
-01.50391
-02.13837
-02.76062
-03.35663
-03.95081
-04.53094
-05.08942
-05.64117
-06.15662
-06.65283
-07.12006
-07.55920
-07.96997
-08.35510
-08.69995
-09.01123
-09.28589
-09.53491
-09.73907
-09.89746
-09.99969
-09.99969
-09.99969
-09.99969
-09.99969
-09.99969
-09.96307
-09.82208
-09.62982
-09.40247
-09.14276
-08.84705
-08.52600
-08.15094
-07.75085
-07.32666
-06.87103
-06.39313
-05.88348
-05.34576
-04.80835
-04.23157
-03.63525
-03.03925
-02.41760
-01.80511
-01.16882
-00.53314
00.10101
00.73669
01.37421
02.01538
02.63306
03.23456
03.83484
04.41437
04.97437
05.52582
06.04675
06.54663
07.01447
07.45636
07.87079
08.25745
08.60870
08.91968
09.19800
09.45099
09.65759
09.81659
09.95728
10.00000
10.00000
10.00000
10.00000
09.99969
09.88678
09.74426
09.54987
09.31946
09.05884
08.76007
08.43445
08.05908
07.65503
07.22992
06.76758
06.29089
05.77301
05.23346
04.69452
04.11407
03.51990
02.91931
02.29553
01.68091
01.04370
00.40497
-00.22583
-00.86365
-01.49963
-02.13928
-02.75787
-03.35541
-03.95233
-04.53125
-05.08881
-05.63965
-06.15753
-06.65314
-07.11792
-07.55829
-07.96906
-08.35449
-08.70178
-09.00970
-09.28497
-09.53339
-09.74152
-09.89685
-09.99969
-09.99969
-09.99969
-09.99969
-09.99969
-09.99969
-09.96399
-09.82300
-09.62921
-09.40308
-09.14398
-08.84888
-08.52356
-08.14972
-07.74994
-07.32666
-06.87378
-06.39313
-05.88318
-05.34515
-04.81018
-04.23309
-03.63586
-03.04382
-02.41913
-01.80634
-01.17035
-00.53284
00.09766
00.73853
01.37299
02.01569
02.63306
03.23303
03.83301
04.41223
04.97284
05.52521
06.04462
06.54480
07.01508
07.45728
07.87048
08.25745
08.60748
08.91968
09.20013
09.45313
09.65790
09.81750
09.95789
10.00000
10.00000
10.00000
10.00000
10.00000
09.88708
09.74518
09.54987
09.31915
09.06189
08.76068
08.43292
08.05939
07.65930
07.23083
06.77368
06.28998
05.77454
05.23834
04.69330
04.11682
03.51990
02.91809
02.29706
01.68060
01.04584
00.40192
-00.22461
-00.86151
-01.50024
-02.13867
-02.75696
-03.35419
-03.95142
-04.53064
-05.08636
-05.64026
-06.15479
-06.65161
-07.11609
-07.55432
-07.96539
-08.34991
-08.69934
-09.00757
-09.28253
-09.53552
-09.73785
-09.89868
-09.99969
-09.99969
-09.99969
-09.99969
-09.99969
-09.99969
-09.96399
-09.82483
-09.63440
-09.40247
-09.14673
-08.84979
-08.52631
-08.15613
-07.75421
-07.32880
-06.87653
-06.39343
-05.88440
-05.34973
-04.81354
-04.23340
-03.64105
-03.04169
-02.42126
-01.80756
-01.17096
-00.53436
00.09613
00.73730
01.37024
02.01263
02.62970
03.23151
03.83240
04.41071
04.97131
05.52429
06.04584
06.54633
07.01111
07.45789
07.86926
08.25989
08.60779
08.91785
09.19830
09.45160
09.65668
09.81598
09.95483
10.00000
10.00000
10.00000
10.00000
09.99908
09.88647
09.74548
09.55048
09.32037
09.06006
08.76068
08.43781
08.05908
07.65808
07.23053
06.77429
06.29211
05.77515
05.23712
04.69482
04.11865
03.51990
02.92114
02.29980
01.68030
01.04462
00.40588
-00.22247
-00.86212
-01.49719
-02.13837
-02.75513
-03.35236
-03.95172
-04.52850
-05.08881
-05.63538
-06.15570
-06.64886
-07.11243
-07.55676
-07.96661
-08.35419
-08.69873
-09.00696
-09.28284
-09.53003
-09.73877
-09.89929
-09.99969
-09.99969
-09.99969
-09.99969
-09.99969
-09.99969
-09.96582
-09.82330
-09.63013
-09.40155
-09.14825
-08.85101
-08.52722
-08.15399
-07.75299
-07.33093
-06.87775
-06.39557
-05.89020
-05.34943
-04.81079
-04.23431
-03.64410
-03.04443
-02.42371
-01.80908
-01.17035
-00.53619
00.09521
00.73303
01.37115
02.00928
02.62726
03.22845
03.83118
04.40948
04.96887
05.52368
06.04401
06.54663
07.01294
07.45270
07.86713
08.26050
08.60657
08.91846
09.19617
09.44885
09.65729
09.81750
09.95789
10.00000
10.00000
10.00000
10.00000
09.99756
09.88892
09.74579
09.55109
09.32129
09.06097
08.76160
08.43628
08.06152
07.66144
07.23114
06.77551
06.29333
05.77850
05.24109
04.69971
04.12109
03.52325
02.92175
02.30194
01.68732
01.04736
00.40771
-00.22278
-00.85785
-01.49658
-02.13684
-02.75360
-03.34991
-03.94989
-04.52637
-05.08789
-05.63385
-06.15051
-06.65009
-07.11578
-07.55646
-07.96417
-08.35175
-08.69690
-09.00879
-09.28589
-09.53064
-09.73724
-09.89624
-09.99969
-09.99969
-09.99969
-09.99969
-09.99969
-09.99969
-09.96826
-09.82483
-09.63104
-09.40491
-09.14642
-08.84857
-08.52539
-08.15430
-07.75452
-07.32849
-06.87683
-06.39526
-05.88623
-05.35339
-04.81079
-04.23767
-03.64227
-03.04413
-02.42493
-01.81061
-01.17126
-00.53467
00.09491
00.73334
01.36902
02.00928
02.62634
03.22845
03.82751
04.40796
04.97040
05.52216
06.04370
06.54449
07.00989
07.45636
07.86804
08.25836
08.60809
08.91724
09.19739
09.44885
09.65607
09.81659
09.95758
10.00000
10.00000
10.00000
10.00000
10.00000
09.89014
09.74304
09.55231
09.32098
09.06342
08.76160
08.43658
08.06183
07.66022
07.22900
06.77734
06.29333
05.77850
05.24200
04.69818
04.11865
03.52539
02.92511
02.30011
01.68579
01.04919
00.41107
-00.22156
-00.85632
-01.49536
-02.13348
-02.75452
-03.34991
-03.94623
-04.52545
-05.08301
-05.63477
-06.15509
-06.64948
-07.11182
-07.55493
-07.96387
-08.34839
-08.69476
-09.00818
-09.28406
-09.53430
-09.73633
-09.89777
-09.99969
-09.99969
-09.99969
-09.99969
-09.99969
-09.99969
-09.96887
-09.82544
-09.63348
-09.40582
-09.14581
-08.85101
-08.52753
-08.15765
-07.75818
-07.32849
-06.88202
-06.39893
-05.88776
-05.35583
-04.81476
-04.23615
-03.64410
-03.04596
-02.42615
-01.81000
-01.17645
-00.53864
00.09430
00.73212
01.36810
02.00714
02.62543
03.22571
03.82751
04.40826
04.96887
05.52063
06.04462
06.54449
07.00867
07.45483
07.86713
08.25836
08.60809
08.91998
09.19861
09.44794
09.65607
09.81720
09.95453
10.00000
10.00000
10.00000
10.00000
09.99969
09.88770
09.74579
09.55353
09.32343
09.06281
08.76404
08.43933
08.06427
07.66174
07.23480
06.77887
06.29669
05.78369
05.24384
04.69635
04.12170
03.52356
02.92725
02.30347
01.68823
01.04919
00.41229
-00.22003
-00.85480
-01.49567
-02.13043
-02.75055
-03.34686
-03.94562
-04.52484
-05.07996
-05.63446
-06.15234
-06.65009
-07.11212
-07.55280
-07.96417
-08.35144
-08.69598
-09.00513
-09.28284
-09.53064
-09.73267
-09.89746
-09.99969
-09.99969
-09.99969
-09.99969
-09.99969
-09.99969
-09.96918
-09.82300
-09.63104
-09.40674
-09.14917
-08.85040
-08.52570
-08.15613
-07.75818
-07.33032
-06.88324
-06.39984
-05.88867
-05.35828
-04.81384
-04.23859
-03.64594
-03.04779
-02.42950
-01.81030
-01.17645
-00.53772
00.09308
00.72906
01.36963
02.00623
02.62573
03.22418
03.82629
04.40552
04.96582
05.52216
06.04218
06.54083
07.00500
07.45270
07.86530
08.25531
08.60229
08.91724
09.19739
09.44733
09.65393
09.81537
09.95636
10.00000
10.00000
10.00000
10.00000
10.00000
09.89166
09.74854
09.55200
09.32281
09.06433
08.76526
08.44025
08.06610
07.66418
07.23175
06.78192
06.29791
05.78186
05.24536
04.69879
04.12323
03.52539
02.92816
02.30560
01.68915
01.05072
00.41199
-00.21606
-00.85480
-01.49200
-02.12952
-02.74902
-03.34961
-03.94623
-04.52301
-05.08209
-05.63263
-06.15295
-06.64673
-07.11182
-07.55341
-07.96295
-08.35205
-08.69598
-09.00513
-09.28375
-09.53033
-09.73724
-09.89624
-09.99969
-09.99969
-09.99969
-09.99969
-09.99969
-09.99969
-09.96765
-09.82269
-09.63104
-09.40735
-09.14978
-08.85101
-08.52631
-08.15918
-07.75940
-07.33307
-06.88477
-06.40106
-05.89355
-05.35797
-04.81720
-04.24103
-03.64746
-03.05084
-02.42981
-01.81610
-01.17889
-00.53986
00.08911
00.72845
01.36810
02.00287
02.62329
03.22449
03.82813
04.40491
04.96735
05.51971
06.04462
06.54144
07.00592
07.44965
07.86591
08.25745
08.60046
08.91785
09.19830
09.44824
09.65515
09.81873
09.95575
10.00000
10.00000
10.00000
10.00000
10.00000
09.89288
09.74365
09.55353
09.32434
09.06525
08.76404
08.44055
08.06641
07.66266
07.23145
06.78345
06.29852
05.78400
05.24475
04.70001
04.12384
03.52783
02.92816
02.30804
01.68854
01.05225
00.41168
-00.21606
-00.85510
-01.49139
-02.13074
-02.74902
-03.34473
-03.94470
-04.52148
-05.08118
-05.63202
-06.15173
-06.64734
-07.11121
-07.55188
-07.96295
-08.35022
-08.69476
-09.00574
-09.28284
-09.52332
-09.73572
-09.89807
-09.99969
-09.99969
-09.99969
-09.99969
-09.99969
-09.99969
-09.96857
-09.82147
-09.63348
-09.40887
-09.15192
-08.85345
-08.53088
-08.15857
-07.75940
-07.33063
-06.88477
-06.40167
-05.89294
-05.35614
-04.81720
-04.24011
-03.64746
-03.05237
-02.43011
-01.81641
-01.17767
-00.53955
00.08606
00.72815
01.36658
02.00500
02.62451
03.22266
03.82538
04.40430
04.96490
05.51849
06.04248
06.54144
07.00470
07.45209
07.86499
08.25714
08.60229
08.91846
09.19739
09.44489
09.65454
09.81689
09.95453
10.00000
10.00000
10.00000
10.00000
09.99969
09.89288
09.74274
09.55353
09.32587
09.06586
08.76434
08.44025
08.06824
07.66357
07.23267
06.78497
06.30066
05.78461
05.24994
04.70184
04.12537
03.52753
02.92938
02.30713
01.69342
01.05499
00.41382
-00.21606
-00.85144
-01.48865
-02.13013
-02.74750
-03.34198
-03.94409
-04.51752
-05.08026
-05.62897
-06.14868
-06.64764
-07.10815
-07.55035
-07.95898
-08.34595
-08.69049
-09.00543
-09.28558
-09.52637
-09.73846
-09.89624
-09.99969
-09.99969
-09.99969
-09.99969
-09.99969
-09.99969
-09.97192
-09.82300
-09.63409
-09.41010
-09.15222
-08.85376
-08.52905
-08.15887
-07.76093
-07.33490
-06.88843
-06.40259
-05.89447
-05.35889
-04.81659
-04.24103
-03.64716
-03.05176
-02.43011
-01.81671
-01.18134
-00.54474
00.09003
00.72632
01.36475
02.00165
02.61963
03.22113
03.82050
04.40308
04.96399
05.51788
06.04126
06.54083
07.00104
07.44873
07.86224
08.25439
08.60046
08.91815
09.19861
09.44672
09.65515
09.81628
09.95605
10.00000
10.00000
10.00000
10.00000
10.00000
09.89563
09.74457
09.55475
09.32556
09.06830
08.76648
08.43994
08.06732
07.66510
07.23206
06.78528
06.30188
05.78735
05.24780
04.70398
04.12720
03.53149
02.93152
02.31232
01.69342
01.05469
00.41412
-00.21393
-00.85114
-01.49017
-02.12708
-02.74414
-03.34167
-03.94104
-04.52148
-05.07751
-05.62805
-06.15051
-06.64703
-07.10602
-07.54761
-07.96021
-08.34564
-08.69049
-09.00299
-09.28101
-09.52362
-09.73328
-09.89624
-09.99969
-09.99969
-09.99969
-09.99969
-09.99969
-09.99969
-09.96887
-09.82452
-09.63562
-09.41101
-09.15314
-08.85498
-08.52966
-08.16193
-07.76154
-07.33368
-06.89117
-06.40564
-05.89294
-05.36011
-04.81964
-04.24103
-03.64868
-03.05328
-02.43713
-01.81610
-01.18164
-00.54169
00.08698
00.72571
01.36475
01.99799
02.62085
03.21838
03.82324
04.40094
04.96246
05.51788
06.04004
06.54114
07.00165
07.44812
07.86285
08.25531
08.60168
08.91724
09.19800
09.44489
09.65607
09.81720
09.95636
10.00000
10.00000
10.00000
10.00000
09.99969
09.89349
09.74518
09.55566
09.32800
09.06860
08.76709
08.44177
08.06854
07.66724
07.23450
06.78894
06.30035
05.78705
05.24811
04.70367
04.12933
03.53149
02.93365
02.31079
01.69464
01.05896
00.41443
-00.21179
-00.84900
-01.48712
-02.12494
-02.74323
-03.34290
-03.94287
-04.51630
-05.07721
-05.62775
-06.14685
-06.64642
-07.10571
-07.54608
-07.95898
-08.34717
-08.69110
-09.00513
-09.28558
-09.52545
-09.73846
-09.89868
-09.99969
-09.99969
-09.99969
-09.99969
-09.99969
-09.99969
-09.97192
-09.82056
-09.63837
-09.41162
-09.15314
-08.85345
-08.52966
-08.16315
-07.76001
-07.33429
-06.89148
-06.40564
-05.89508
-05.36224
-04.82239
-04.24438
-03.65234
-03.05450
-02.43774
-01.81824
-01.18286
-00.54443
00.08423
00.72174
01.36200
02.00073
02.61780
03.21899
03.82141
04.39972
04.96307
05.51483
06.03973
06.54022
07.00348
07.44720
07.86041
08.25348
08.60107
08.91571
09.19434
09.44366
09.65454
09.81506
09.95483
10.00000
10.00000
10.00000
10.00000
10.00000
09.89899
09.74304
09.55750
09.32831
09.06982
08.77319
08.43811
08.07220
07.66693
07.23602
06.79077
06.30371
05.78705
05.25055
04.70612
04.12933
03.53271
02.93427
02.31323
01.69769
01.05896
00.41962
-00.21240
-00.84808
-01.48712
-02.12402
-02.74323
-03.33954
-03.93799
-04.51843
-05.07446
-05.62714
-06.14868
-06.64459
-07.10327
-07.54730
-07.95837
-08.34656
-08.69171
-09.00269
-09.28284
-09.52271
-09.73389
-09.89380
-09.99969
-09.99969
-09.99969
-09.99969
-09.99969
-09.99969
-09.97192
-09.82300
-09.63623
-09.40948
-09.15436
-08.85620
-08.53210
-08.16315
-07.76367
-07.33276
-06.89178
-06.40900
-05.89752
-05.36102
-04.82147
-04.24316
-03.65204
-03.05725
-02.43958
-01.82098
-01.18408
-00.54718
00.08301
00.72174
01.35742
01.99860
02.61932
03.21625
03.81714
04.39606
04.96063
05.51300
06.03851
06.53870
07.00104
07.44690
07.86316
08.25165
08.59833
08.91327
09.19800
09.44092
09.65485
09.81659
09.95331
10.00000
10.00000
10.00000
10.00000
10.00000
09.89655
09.74518
09.55902
09.32953
09.07104
08.77106
08.44116
08.07373
07.66937
07.23785
06.79016
06.30524
05.78979
05.25208
04.70795
04.13269
03.53241
02.93671
02.31537
01.69647
01.05957
00.41748
-00.20874
-00.84839
-01.48529
-02.12280
-02.74048
-03.33862
-03.93616
-04.51477
-05.07538
-05.62469
-06.14532
-06.64337
-07.10510
-07.54089
-07.95624
-08.34747
-08.68988
-09.00330
-09.28406
-09.52148
-09.73419
-09.89624
-09.99969
-09.99969
-09.99969
-09.99969
-09.99969
-09.99969
-09.97284
-09.82117
-09.63654
-09.40857
-09.15405
-08.85651
-08.52966
-08.16559
-07.76459
-07.33398
-06.89392
-06.40930
-05.89966
-05.36499
-04.81964
-04.24622
-03.65326
-03.05878
-02.43958
-01.82312
-01.18500
-00.54718
00.08209
00.72021
01.35681
01.99829
02.61658
03.21533
03.81531
04.39575
04.95850
05.51117
06.03546
06.53717
07.00134
07.44568
07.86072
08.25226
08.59985
08.91571
09.19708
09.44092
09.65454
09.81750
09.95453
10.00000
10.00000
10.00000
10.00000
10.00000
09.89594
09.74548
09.55841
09.32861
09.07227
08.77014
08.43994
08.07373
07.66571
07.23572
06.79138
06.30493
05.79285
05.25177
04.70337
04.13086
03.53638
02.93701
02.31628
01.69769
01.06049
00.42114
-00.20844
-00.84625
-01.48163
-02.12311
-02.74078
-03.33954
-03.93585
-04.51355
-05.07233
-05.62347
-06.14471
-06.64398
-07.10449
-07.54089
-07.95746
-08.34320
-08.68805
-08.99994
-09.28375
-09.52301
-09.73267
-09.89594
-09.99969
-09.99969
-09.99969
-09.99969
-09.99969
-09.99969
-09.97620
-09.82544
-09.63837
-09.41620
-09.15619
-08.86078
-08.53516
-08.16345
-07.76154
-07.33551
-06.89453
-06.40533
-05.90240
-05.36652
-04.82025
-04.25110
-03.65265
-03.05908
-02.44019
-01.82312
-01.18713
-00.55023
00.08026
00.71777
01.35284
01.99585
02.61719
03.21594
03.81500
04.39575
04.95758
05.51147
06.03546
06.53564
07.00043
07.43958
07.86163
08.25073
08.59985
08.91418
09.19617
09.44183
09.65271
09.81628
09.95483
10.00000
10.00000
10.00000
10.00000
10.00000
09.89746
09.74426
09.55902
09.33105
09.07074
08.77350
08.44055
08.07373
07.66693
07.23816
06.79260
06.30615
05.79102
05.25238
04.70612
04.13452
03.53699
02.93854
02.31873
01.69983
01.06140
00.42145
-00.20844
-00.84595
-01.48254
-02.12067
-02.73712
-03.33496
-03.93524
-04.51263
-05.07538
-05.62317
-06.14349
-06.63879
-07.10175
-07.54303
-07.95685
-08.34412
-08.69171
-09.00238
-09.28497
-09.52362
-09.73328
-09.90021
-09.99969
-09.99969
-09.99969
-09.99969
-09.99969
-09.99969
-09.97345
-09.82422
-09.63928
-09.41376
-09.15649
-08.86108
-08.53180
-08.16559
-07.76337
-07.33734
-06.89453
-06.40991
-05.90179
-05.36774
-04.82117
-04.25201
-03.65692
-03.06213
-02.44263
-01.82373
-01.19049
-00.54932
00.08026
00.71716
01.35498
01.99707
02.61414
03.21075
03.81622
04.39301
04.95789
05.50964
06.03455
06.53320
07.00043
07.43988
07.85919
08.24738
08.59985
08.91296
09.19739
09.44061
09.65424
09.81903
09.95605
10.00000
10.00000
10.00000
10.00000
10.00000
09.90082
09.74701
09.56055
09.33197
09.07349
08.77472
08.44177
08.07434
07.66907
07.23724
06.79321
06.30554
05.79376
05.25574
04.70795
04.13605
03.53516
02.93793
02.31720
01.70135
01.06445
00.42297
-00.20599
-00.84320
-01.48224
-02.12097
-02.73895
-03.33588
-03.93402
-04.51355
-05.07385
-05.62256
-06.14410
-06.64124
-07.10083
-07.54150
-07.95807
-08.34381
-08.69202
-09.00208
-09.28314
-09.52118
-09.73450
-09.89441
-09.99969
-09.99969
-09.99969
-09.99969
-09.99969
-09.99969
-09.97833
-09.82513
-09.64020
-09.41650
-09.15924
-08.86261
-08.53149
-08.16742
-07.76184
-07.34009
-06.89880
-06.41022
-05.90149
-05.36591
-04.82178
-04.25385
-03.65753
-03.06183
-02.44141
-01.82617
-01.18927
-00.55237
00.07996
00.71808
01.35223
01.99402
02.61139
03.21136
03.81744
04.39209
04.95697
05.50964
06.03149
06.53503
06.99799
07.44171
07.86072
08.24829
08.59985
08.91235
09.19830
09.43756
09.65454
09.81628
09.95087
10.00000
10.00000
10.00000
10.00000
09.99908
09.90051
09.74579
09.56268
09.32922
09.07349
08.77502
08.44391
08.07495
07.66846
07.23969
06.79230
06.31042
05.79437
05.25848
04.71008
04.13788
03.53790
02.94128
02.32025
01.70349
01.06262
00.42603
-00.20721
-00.84198
-01.47827
-02.11548
-02.73529
-03.33160
-03.93188
-04.50989
-05.07111
-05.62073
-06.13831
-06.63788
-07.10144
-07.54211
-07.95685
-08.34015
-08.68896
-08.99902
-09.28253
-09.51904
-09.72961
-09.89746
-09.99969
-09.99969
-09.99969
-09.99969
-09.99969
-09.99969
-09.97833
-09.82239
-09.64172
-09.41498
-09.15588
-08.85956
-08.53119
-08.16833
-07.76520
-07.33917
-06.89514
-06.41083
-05.90515
-05.36560
-04.82239
-04.25476
-03.65967
-03.06274
-02.44293
-01.82800
-01.19232
-00.55206
00.07690
00.71594
01.35223
01.99310
02.61169
03.21167
03.81256
04.39392
04.95575
05.51025
06.02966
06.53259
06.99615
07.43927
07.85919
08.24493
08.59741
08.91022
09.19678
09.43726
09.65302
09.81720
09.95667
10.00000
10.00000
10.00000
10.00000
10.00000
09.90021
09.74823
09.56238
09.33136
09.07288
08.77411
08.44391
08.07800
07.66998
07.24152
06.79535
06.30981
05.79559
05.25970
04.70734
04.13971
03.53973
02.94312
02.32208
01.70319
01.06384
00.42694
-00.20203
-00.84076
-01.47705
-02.11853
-02.73468
-03.33130
-03.93127
-04.50897
-05.07080
-05.61890
-06.14044
-06.63971
-07.09991
-07.53967
-07.95837
-08.34015
-08.69049
-08.99780
-09.28223
-09.51874
-09.73236
-09.89441
-09.99969
-09.99969
-09.99969
-09.99969
-09.99969
-09.99969
-09.97986
-09.82452
-09.64203
-09.41162
-09.16046
-08.86292
-08.53455
-08.16864
-07.76459
-07.34100
-06.89789
-06.41510
-05.90576
-05.36896
-04.82117
-04.25720
-03.65967
-03.06366
-02.44781
-01.82800
-01.19080
-00.55389
00.07751
00.71228
01.34949
01.99219
02.60651
03.21014
03.81256
04.38904
04.95453
05.50720
06.02905
06.53320
06.99585
07.43591
07.85950
08.24493
08.59802
08.90961
09.19678
09.43878
09.65179
09.81567
09.95331
10.00000
10.00000
10.00000
10.00000
10.00000
09.89899
09.74487
09.56268
09.33136
09.07257
08.77563
08.44208
08.07892
07.66785
07.24182
06.79840
06.31256
05.79742
05.25909
04.70642
04.14246
03.54065
02.94586
02.32452
01.70563
01.06689
00.42633
-00.20233
-00.83984
-01.47461
-02.11395
-02.73346
-03.33160
-03.92944
-04.50470
-05.07294
-05.61737
-06.13617
-06.63696
-07.10052
-07.53510
-07.95685
-08.33710
-08.68866
-08.99689
-09.28314
-09.51965
-09.73206
-09.89471
-09.99969
-09.99969
-09.99969
-09.99969
-09.99969
-09.99969
-09.97925
-09.82361
-09.64294
-09.41437
-09.15833
-08.86169
-08.53485
-08.16986
-07.76306
-07.34100
-06.90094
-06.41510
-05.90637
-05.37170
-04.82147
-04.25812
-03.66364
-03.06641
-02.44751
-01.83319
-01.19598
-00.55328
00.07477
00.71320
01.35040
01.98914
02.60864
03.20831
03.80920
04.38782
04.95422
05.50659
06.02783
06.53046
06.99615
07.43652
07.85950
08.24463
08.59802
08.90930
09.19495
09.43604
09.65332
09.81781
09.95239
10.00000
10.00000
10.00000
10.00000
10.00000
09.90173
09.74365
09.56360
09.33167
09.07227
08.77808
08.44574
08.07831
07.67151
07.24457
06.79688
06.31195
05.79834
05.26184
04.71039
04.14307
03.54279
02.94678
02.32300
01.70654
01.06964
00.42694
-00.20294
-00.83954
-01.47430
-02.11334
-02.72888
-03.33252
-03.92853
-04.50531
-05.06989
-05.61737
-06.13403
-06.63330
-07.09686
-07.53632
-07.95471
-08.33405
-08.68927
-09.00085
-09.28131
-09.51965
-09.73206
-09.89532
-09.99969
-09.99969
-09.99969
-09.99969
-09.99969
-09.99969
-09.97467
-09.82391
-09.64478
-09.41376
-09.15924
-08.86566
-08.53638
-08.17078
-07.76337
-07.34314
-06.90094
-06.41754
-05.90729
-05.37201
-04.82452
-04.25842
-03.66302
-03.06488
-02.44904
-01.83197
-01.19659
-00.55634
00.07080
00.70953
01.34888
01.98761
02.60437
03.20831
03.80890
04.38660
04.95514
05.50415
06.02600
06.52405
06.99341
07.43622
07.85828
08.24219
08.59894
08.91052
09.19647
09.43695
09.64905
09.81903
09.95392
10.00000
10.00000
10.00000
10.00000
10.00000
09.90234
09.74762
09.56543
09.33197
09.07227
08.77533
08.44177
08.07983
07.67059
07.24304
06.79779
06.31500
05.80017
05.26184
04.70764
04.14429
03.54523
02.94678
02.32513
01.70929
01.07147
00.42664
-00.19745
-00.83679
-01.47186
-02.11365
-02.72858
-03.32886
-03.92670
-04.50623
-05.06989
-05.61584
-06.13403
-06.63239
-07.09534
-07.53540
-07.95532
-08.33344
-08.68683
-08.99658
-09.28009
-09.51874
-09.72992
-09.89594
-09.99969
-09.99969
-09.99969
-09.99969
-09.99969
-09.99969
-09.97955
-09.82361
-09.64172
-09.41498
-09.15924
-08.86322
-08.53668
-08.17230
-07.76459
-07.34680
-06.90277
-06.41693
-05.91187
-05.37567
-04.82300
-04.26117
-03.66364
-03.06671
-02.44995
-01.83350
-01.19720
-00.55695
00.07324
00.70862
01.34735
01.98669
02.60529
03.20465
03.80554
04.38660
04.95239
05.50415
06.02264
06.52557
06.99188
07.43378
07.86102
08.23975
08.59528
08.90869
09.19708
09.43817
09.64966
09.81750
09.94995
10.00000
10.00000
10.00000
10.00000
10.00000
09.90295
09.74487
09.56482
09.33014
09.07684
08.77350
08.44513
08.07983
07.67120
07.24823
06.79932
06.31439
05.80383
05.26611
04.71039
04.14398
03.54553
02.94769
02.32788
01.70868
01.07147
00.42816
-00.19775
-00.83557
-01.47308
-02.11243
-02.72827
-03.32489
-03.92639
-04.50195
-05.06989
-05.61584
-06.13403
-06.62994
-07.09290
-07.53693
-07.95593
-08.33282
-08.68683
-08.99628
-09.28162
-09.52057
-09.73114
-09.89594
-09.99969
-09.99969
-09.99969
-09.99969
-09.99969
-09.99969
-09.97620
-09.82483
-09.64539
-09.41650
-09.15710
-08.86230
-08.53485
-08.17322
-07.76794
-07.34558
-06.90308
-06.41815
-05.91064
-05.37567
-04.82300
-04.26239
-03.66669
-03.07129
-02.44965
-01.83624
-01.20026
-00.56122
00.07019
00.70770
01.34521
01.98639
02.60559
03.20160
03.80646
04.38324
04.95361
05.50323
06.02142
06.52374
06.99036
07.43195
07.85645
08.23853
08.59436
08.90808
09.19617
09.43695
09.64874
09.81628
09.95087
10.00000
10.00000
10.00000
10.00000
10.00000
09.90356
09.74884
09.56635
09.33380
09.07349
08.77533
08.44696
08.08319
07.67212
07.24915
06.80145
06.31561
05.80200
05.26611
04.71100
04.14368
03.54462
02.94952
02.32758
01.70990
01.07147
00.42999
-00.19806
-00.83282
-01.47003
-02.11151
-02.72583
-03.32703
-03.92487
-04.50439
-05.06866
-05.61493
-06.13129
-06.63116
-07.09869
-07.53387
-07.95380
-08.33221
-08.68591
-08.99384
-09.28101
-09.52026
-09.72687
-09.89746
-09.99969
-09.99969
-09.99969
-09.99969
-09.99969
-09.99969
-09.98016
-09.82727
-09.64539
-09.41498
-09.16046
-08.86139
-08.53455
-08.17566
-07.76520
-07.34680
-06.90216
-06.41846
-05.91187
-05.37872
-04.82483
-04.26361
-03.66730
-03.07129
-02.45148
-01.83502
-01.20148
-00.56183
00.07050
00.70496
01.34247
01.98517
02.60223
03.20068
03.80646
04.38599
04.95697
05.50171
06.02234
06.52161
06.98975
07.43317
07.85522
08.23975
08.59528
08.90869
09.19617
09.43695
09.64783
09.81720
09.94965
10.00000
10.00000
10.00000
10.00000
10.00000
09.90326
09.74731
09.56604
09.33136
09.07410
08.77716
08.44940
08.08075
07.67670
07.24884
06.80115
06.31775
05.80658
05.26733
04.71008
04.14795
03.54675
02.94952
02.32758
01.71143
01.07513
00.43365
-00.19501
-00.83221
-01.46851
-02.10999
-02.72705
-03.32397
-03.92212
-04.49829
-05.06714
-05.61462
-06.12976
-06.62445
-07.09503
-07.53387
-07.95258
-08.32916
-08.68591
-08.99261
-09.28101
-09.51904
-09.72931
-09.90082
-09.99969
-09.99969
-09.99969
-09.99969
-09.99969
-09.99969
-09.97894
-09.82605
-09.64539
-09.41681
-09.16046
-08.86230
-08.53912
-08.17352
-07.76764
-07.34833
-06.90552
-06.41815
-05.91400
-05.37872
-04.82452
-04.26147
-03.66699
-03.07129
-02.45331
-01.83838
-01.19934
-00.55847
00.06714
00.70648
01.34064
01.98425
02.60254
03.19855
03.80554
04.38293
04.95392
05.49927
06.01959
06.52313
06.98914
07.42889
07.85461
08.23578
08.59467
08.90564
09.19434
09.43726
09.64722
09.81598
09.95270
10.00000
10.00000
10.00000
10.00000
10.00000
09.90387
09.74670
09.56696
09.33380
09.07410
08.77869
08.44940
08.08258
07.67609
07.25220
06.80389
06.31744
05.80719
05.26703
04.70917
04.14673
03.54797
02.95227
02.33032
01.71478
01.07910
00.43335
-00.19348
-00.83069
-01.46942
-02.10907
-02.72278
-03.32397
-03.92365
-04.49707
-05.07050
-05.61249
-06.12976
-06.62689
-07.09290
-07.53326
-07.95135
-08.33069
-08.68866
-08.99292
-09.28101
-09.52118
-09.72717
-09.89868
-09.99969
-09.99969
-09.99969
-09.99969
-09.99969
-09.99969
-09.97955
-09.82422
-09.64813
-09.41833
-09.15863
-08.86292
-08.54004
-08.17383
-07.77008
-07.34711
-06.90308
-06.41968
-05.91492
-05.37842
-04.82788
-04.26727
-03.66974
-03.07373
-02.45148
-01.83807
-01.20361
-00.56244
00.06744
00.70648
01.34155
01.98425
02.60040
03.19763
03.80219
04.38019
04.95331
05.49713
06.01959
06.51855
06.98944
07.43011
07.85522
08.23425
08.59711
08.90320
09.19464
09.43726
09.64630
09.81781
09.95087
10.00000
10.00000
10.00000
10.00000
10.00000
09.90356
09.74548
09.56635
09.33258
09.07379
08.77625
08.44879
08.08289
07.67456
07.25159
06.80206
06.31714
05.80811
05.26794
04.71100
04.14978
03.54767
02.95258
02.32941
01.71478
01.07849
00.43640
-00.19470
-00.83160
-01.46881
-02.10724
-02.72186
-03.32001
-03.92273
-04.49677
-05.06958
-05.60883
-06.12854
-06.62872
-07.09137
-07.52747
-07.95044
-08.32764
-08.68622
-08.99170
-09.27979
-09.51721
-09.72626
-09.89594
-09.99969
-09.99969
-09.99969
-09.99969
-09.99969
-09.99969
-09.98016
-09.82513
-09.64874
-09.41620
-09.15863
-08.86475
-08.54156
-08.17474
-07.77130
-07.35077
-06.90796
-06.41846
-05.91675
-05.38055
-04.83093
-04.26666
-03.66669
-03.07373
-02.45422
-01.84174
-01.20361
-00.56305
00.06866
00.70221
01.33820
01.98395
02.60406
03.19824
03.80035
04.37866
04.95178
05.49927
06.01837
06.51825
06.98792
07.42920
07.85431
08.23425
08.59467
08.90564
09.19189
09.43573
09.64447
09.81628
09.94843
10.00000
10.00000
10.00000
10.00000
10.00000
09.90356
09.74884
09.57062
09.33594
09.07837
08.77869
08.45276
08.08350
07.67670
07.25555
06.80634
06.31897
05.81085
05.27008
04.71130
04.14948
03.55194
02.95441
02.33246
01.71417
01.07697
00.43976
-00.19135
-00.82703
-01.46698
-02.10510
-02.72125
-03.32123
-03.91724
-04.49554
-05.06592
-05.60883
-06.12457
-06.62811
-07.08984
-07.52869
-07.95135
-08.32520
-08.68286
-08.99353
-09.27887
-09.52118
-09.72443
-09.89502
-09.99969
-09.99969
-09.99969
-09.99969
-09.99969
-09.99969
-09.97589
-09.82635
-09.64752
-09.41711
-09.16229
-08.86566
-08.54126
-08.17444
-07.77374
-07.35138
-06.90918
-06.42212
-05.92010
-05.38147
-04.82910
-04.26910
-03.67249
-03.07617
-02.45483
-01.84265
-01.20422
-00.56488
00.06622
00.70282
01.33942
01.97906
02.59766
03.19580
03.79791
04.37805
04.95026
05.49835
06.01929
06.51978
06.98639
07.42767
07.85370
08.23395
08.59528
08.90411
09.19434
09.43939
09.64600
09.81720
09.94965
10.00000
10.00000
10.00000
10.00000
10.00000
09.90173
09.74884
09.56573
09.33380
09.07684
08.77594
08.45032
08.08319
07.67517
07.25403
06.80603
06.32019
05.80994
05.27313
04.71313
04.15314
03.55469
02.95837
02.33154
01.71844
01.08154
00.43915
-00.19135
-00.82367
-01.46393
-02.10541
-02.72522
-03.31909
-03.91510
-04.49554
-05.06622
-05.60791
-06.12427
-06.62445
-07.08893
-07.52563
-07.94891
-08.32520
-08.68408
-08.99139
-09.27917
-09.52118
-09.72351
-09.89349
-09.99969
-09.99969
-09.99969
-09.99969
-09.99969
-09.99969
-09.98077
-09.82483
-09.64844
-09.42169
-09.16412
-08.86597
-08.54279
-08.17749
-07.77557
-07.35321
-06.90857
-06.42334
-05.91858
-05.38177
-04.82666
-04.26941
-03.67188
-03.07617
-02.45728
-01.84143
-01.20453
-00.56915
00.06226
00.70160
01.33789
01.97845
02.59766
03.19672
03.79669
04.37653
04.95270
05.49377
06.01868
06.51611
06.98944
07.42798
07.85309
08.23242
08.59375
08.90228
09.19434
09.43451
09.64355
09.81567
09.94537
10.00000
10.00000
10.00000
10.00000
10.00000
09.90265
09.74823
09.56604
09.33807
09.08020
08.77686
08.45276
08.08350
07.67670
07.25586
06.80634
06.31927
05.81177
05.27222
04.71252
04.15741
03.55652
02.95654
02.33276
01.71600
01.08063
00.44128
-00.18951
-00.82520
-01.46271
-02.10205
-02.72034
-03.31757
-03.91357
-04.49249
-05.06439
-05.60272
-06.12274
-06.62201
-07.09076
-07.52991
-07.95105
-08.32184
-08.68347
-08.99078
-09.28040
-09.52148
-09.72198
-09.89624
-09.99969
-09.99969
-09.99969
-09.99969
-09.99969
-09.99969
-09.97955
-09.82635
-09.64355
-09.41681
-09.16290
-08.86414
-08.54401
-08.17261
-07.77252
-07.35474
-06.90765
-06.42090
-05.92133
-05.38055
-04.82910
-04.27063
-03.67462
-03.07831
-02.45667
-01.84387
-01.20911
-00.56824
00.06531
00.69916
01.33392
01.97968
02.59583
03.19550
03.79639
04.37592
04.94873
05.49408
06.01501
06.51733
06.98730
07.42737
07.85156
08.23212
08.59070
08.90167
09.19250
09.43604
09.64417
09.81659
09.94476
10.00000
10.00000
10.00000
10.00000
10.00000
09.90387
09.74823
09.56573
09.33685
09.07684
08.77991
08.45337
08.08228
07.67853
07.25555
06.80725
06.31958
05.81207
05.27313
04.71588
04.15466
03.55255
02.95807
02.33704
01.71844
01.08337
00.44281
-00.18494
-00.82550
-01.45996
-02.10358
-02.72095
-03.31482
-03.91174
-04.49188
-05.06470
-05.60425
-06.12427
-06.61926
-07.09015
-07.52960
-07.94617
-08.32214
-08.68225
-08.98743
-09.27673
-09.52057
-09.72321
-09.89563
-09.99969
-09.99969
-09.99969
-09.99969
-09.99969
-09.99969
-09.97894
-09.82544
-09.65179
-09.41895
-09.16504
-08.86963
-08.54431
-08.17749
-07.77313
-07.35565
-06.91101
-06.42365
-05.92102
-05.38239
-04.83063
-04.27307
-03.67584
-03.08197
-02.45972
-01.84509
-01.20850
-00.56915
00.06378
00.69885
01.33606
01.97662
02.59247
03.19397
03.79395
04.37531
04.94904
05.49347
06.01379
06.51459
06.98669
07.42645
07.85065
08.22968
08.59161
08.90228
09.19281
09.43604
09.64508
09.81628
09.94598
10.00000
10.00000
10.00000
10.00000
10.00000
09.90173
09.74670
09.56787
09.33685
09.08081
08.78143
08.45490
08.08502
07.67944
07.25769
06.80634
06.32050
05.81665
05.27588
04.71619
04.15527
03.55713
02.96051
02.33582
01.72272
01.08154
00.44312
-00.18646
-00.82245
-01.46118
-02.10144
-02.71698
-03.31451
-03.91357
-04.48914
-05.06348
-05.60028
-06.12152
-06.61926
-07.08801
-07.52533
-07.94312
-08.32397
-08.68011
-08.98804
-09.27795
-09.51965
-09.72198
-09.89655
-09.99969
-09.99969
-09.99969
-09.99969
-09.99969
-09.99969
-09.97864
-09.82666
-09.64722
-09.42139
-09.16473
-08.86627
-08.54523
-08.17444
-07.77557
-07.35748
-06.91040
-06.42181
-05.92255
-05.38757
-04.83032
-04.27460
-03.67767
-03.08136
-02.46002
-01.84723
-01.21002
-00.57404
00.05951
00.69580
01.33270
01.97418
02.59399
03.19031
03.79395
04.37439
04.94843
05.48828
06.01135
06.51093
06.98700
07.42615
07.84882
08.23090
08.59131
08.89954
09.19159
09.43604
09.64203
09.81812
09.94537
10.00000
10.00000
10.00000
10.00000
10.00000
09.90417
09.75067
09.56757
09.33868
09.08112
08.78021
08.45612
08.08472
07.67883
07.25922
06.80939
06.31958
05.81787
05.27618
04.71680
04.15802
03.55774
02.96204
02.33643
01.72028
01.08551
00.44434
-00.18555
-00.82062
-01.45874
-02.10114
-02.71606
-03.31390
-03.90991
-04.49097
-05.06348
-05.60577
-06.12244
-06.61743
-07.09106
-07.52502
-07.94586
-08.32153
-08.68103
-08.98987
-09.27917
-09.52118
-09.72046
-09.89624
-09.99969
-09.99969
-09.99969
-09.99969
-09.99969
-09.99969
-09.98230
-09.82300
-09.64630
-09.42261
-09.16473
-08.86658
-08.54401
-08.17505
-07.77985
-07.35687
-06.91223
-06.42578
-05.92621
-05.38574
-04.83246
-04.27338
-03.67889
-03.08319
-02.46368
-01.85028
-01.21185
-00.57434
00.05829
00.69580
01.33392
01.97327
02.58881
03.19153
03.79028
04.37195
04.94812
05.48859
06.00800
06.51184
06.98456
07.42554
07.84698
08.22754
08.59039
08.90137
09.18976
09.43573
09.63989
09.81812
09.94415
10.00000
10.00000
10.00000
10.00000
10.00000
09.90356
09.75006
09.56635
09.33746
09.08051
08.78052
08.45734
08.08441
07.68188
07.25830
06.81030
06.32080
05.81848
05.27771
04.71863
04.16107
03.55927
02.96570
02.33917
01.72363
01.08612
00.45013
-00.18616
-00.82092
-01.45508
-02.09839
-02.71423
-03.31177
-03.90717
-04.48608
-05.06104
-05.60303
-06.12000
-06.61865
-07.08679
-07.52502
-07.94495
-08.32184
-08.68103
-08.98621
-09.27734
-09.51752
-09.72198
-09.89624
-09.99969
-09.99969
-09.99969
-09.99969
-09.99969
-09.99969
-09.98077
-09.82666
-09.64844
-09.42139
-09.16595
-08.86719
-08.54523
-08.17810
-07.77740
-07.36084
-06.91345
-06.42456
-05.92590
-05.39063
-04.83246
-04.27460
-03.67950
-03.08502
-02.46429
-01.85028
-01.21185
-00.57343
00.05737
00.69519
01.32843
01.96991
02.59155
03.18939
03.78845
04.37164
04.94415
05.48645
06.00983
06.51031
06.98334
07.42432
07.84546
08.22784
08.58856
08.89740
09.18854
09.43573
09.63623
09.81598
09.94324
10.00000
10.00000
10.00000
10.00000
10.00000
09.90173
09.75006
09.56696
09.34326
09.08295
08.78387
08.45825
08.08746
07.68555
07.26105
06.81091
06.32202
05.81757
05.27710
04.71710
04.15863
03.56140
02.96417
02.34131
01.72241
01.08856
00.44891
-00.18311
-00.81879
-01.45721
-02.09442
-02.71576
-03.30933
-03.90625
-04.48730
-05.06256
-05.59723
-06.11633
-06.61469
-07.08984
-07.52502
-07.94250
-08.31665
-08.68011
-08.98712
-09.27368
-09.51935
-09.72137
-09.90082
-09.99969
-09.99969
-09.99969
-09.99969
-09.99969
-09.99969
-09.97742
-09.82483
-09.64996
-09.41986
-09.16565
-08.87329
-08.54797
-08.18176
-07.78015
-07.36267
-06.91223
-06.42639
-05.92621
-05.39063
-04.83551
-04.27582
-03.68073
-03.08746
-02.46185
-01.85089
-01.21429
-00.57617
00.05646
00.69305
01.33148
01.96777
02.58881
03.18787
03.78723
04.36951
04.94324
05.48645
06.00739
06.51001
06.98212
07.42310
07.84607
08.22540
08.58704
08.89923
09.19189
09.43665
09.64020
09.81598
09.94537
10.00000
10.00000
10.00000
10.00000
10.00000
09.90234
09.74884
09.56909
09.34113
09.08325
08.78387
08.45764
08.08563
07.68646
07.26196
06.81122
06.32050
05.81818
05.28015
04.71985
04.16046
03.56354
02.96478
02.34131
01.72424
01.08704
00.45074
-00.18341
-00.81635
-01.45630
-02.09412
-02.71027
-03.30811
-03.90625
-04.48822
-05.05829
-05.59479
-06.11603
-06.61438
-07.08649
-07.52411
-07.94617
-08.31879
-08.68042
-08.98895
-09.27429
-09.52057
-09.71741
-09.89655
-09.99969
-09.99969
-09.99969
-09.99969
-09.99969
-09.99969
-09.97894
-09.83002
-09.64813
-09.42444
-09.16809
-08.87085
-08.54889
-08.18207
-07.78198
-07.36145
-06.91559
-06.42426
-05.92773
-05.39154
-04.83734
-04.27551
-03.68347
-03.08777
-02.46613
-01.84998
-01.21338
-00.57770
00.05646
00.68970
01.32843
01.96747
02.58911
03.18451
03.78571
04.37042
04.94537
05.48615
06.00739
06.50848
06.98456
07.42401
07.84637
08.22388
08.58582
08.89984
09.18915
09.43695
09.63715
09.81628
09.94019
10.00000
10.00000
10.00000
10.00000
10.00000
09.90356
09.74915
09.56787
09.34143
09.08264
08.78632
08.45978
08.08746
07.68707
07.26135
06.81122
06.32263
05.82184
05.28168
04.72229
04.16199
03.56415
02.96722
02.34100
01.72729
01.09009
00.44861
-00.18250
-00.81726
-01.45111
-02.09290
-02.70935
-03.30780
-03.90503
-04.48669
-05.05707
-05.59479
-06.11420
-06.61591
-07.08466
-07.52411
-07.94128
-08.31726
-08.67523
-08.98743
-09.27216
-09.52057
-09.72137
-09.89594
-09.99969
-09.99969
-09.99969
-09.99969
-09.99969
-09.99969
-09.98016
-09.83002
-09.64752
-09.42261
-09.16656
-08.87085
-08.54767
-08.17688
-07.78442
-07.36267
-06.91559
-06.42975
-05.92926
-05.39429
-04.83643
-04.27765
-03.68683
-03.08594
-02.46613
-01.85028
-01.21735
-00.57770
00.05371
00.69031
01.32355
01.96625
02.58636
03.18481
03.78448
04.36890
04.94293
05.48157
06.00494
06.50787
06.98425
07.42218
07.84271
08.22449
08.58551
08.89679
09.18732
09.43542
09.63623
09.81628
09.93866
10.00000
10.00000
10.00000
10.00000
10.00000
09.90326
09.75098
09.56879
09.34509
09.08478
08.78815
08.46008
08.08716
07.68707
07.26563
06.81030
06.32355
05.82245
05.28137
04.72137
04.16077
03.56628
02.96753
02.34558
01.72760
01.08948
00.45044
-00.18158
-00.81635
-01.45172
-02.09106
-02.71088
-03.30688
-03.90533
-04.48242
-05.05707
-05.59418
-06.11359
-06.61285
-07.08679
-07.52167
-07.94067
-08.31696
-08.67767
-08.98804
-09.27338
-09.51782
-09.71680
-09.89685
-09.99969
-09.99969
-09.99969
-09.99969
-09.99969
-09.99969
-09.97711
-09.83002
-09.64691
-09.42657
-09.16931
-08.87115
-08.55072
-08.18329
-07.78137
-07.36389
-06.91467
-06.42731
-05.93018
-05.39825
-04.84009
-04.27765
-03.68774
-03.09143
-02.46918
-01.85638
-01.21613
-00.58044
00.05280
00.68909
01.32629
01.96442
02.58514
03.18176
03.78296
04.36768
04.94202
05.48157
06.00037
06.50604
06.98364
07.42371
07.84180
08.22388
08.58734
08.89954
09.18610
09.43359
09.63837
09.81628
09.94171
10.00000
10.00000
10.00000
10.00000
10.00000
09.90051
09.75098
09.56909
09.34479
09.08417
08.78418
08.45947
08.08746
07.68982
07.26227
06.81091
06.32690
05.82458
05.28564
04.72504
04.16382
03.56689
02.96722
02.34558
01.73096
01.09314
00.45258
-00.17731
-00.81268
-01.45294
-02.09045
-02.70752
-03.30597
-03.90289
-04.48212
-05.05768
-05.59296
-06.11450
-06.61072
-07.08679
-07.52441
-07.94281
-08.31604
-08.67523
-08.98743
-09.27002
-09.51904
-09.71802
-09.89777
-09.99969
-09.99969
-09.99969
-09.99969
-09.99969
-09.99969
-09.97955
-09.82941
-09.64691
-09.42749
-09.17114
-08.87177
-08.54645
-08.17810
-07.78564
-07.36542
-06.91528
-06.42792
-05.93018
-05.39764
-04.84070
-04.28009
-03.68927
-03.09174
-02.47192
-01.85425
-01.21765
-00.58197
00.05035
00.68573
01.32599
01.96259
02.58179
03.18329
03.78082
04.36707
04.94110
05.48126
06.00372
06.50482
06.98334
07.42065
07.84180
08.22479
08.58368
08.89923
09.18579
09.43359
09.63806
09.81445
09.93958
10.00000
10.00000
10.00000
10.00000
10.00000
09.90234
09.74945
09.57092
09.34662
09.08752
08.78906
08.46008
08.09052
07.69073
07.26532
06.81030
06.32599
05.82428
05.28503
04.72565
04.16443
03.56964
02.96906
02.34833
01.73035
01.09375
00.45715
-00.17609
-00.81360
-01.44989
-02.08740
-02.70813
-03.30170
-03.89862
-04.48151
-05.05493
-05.59326
-06.11084
-06.61102
-07.08862
-07.52258
-07.93762
-08.31879
-08.67584
-08.98773
-09.27002
-09.51599
-09.71680
-09.89471
-09.99969
-09.99969
-09.99969
-09.99969
-09.99969
-09.99969
-09.97772
-09.82819
-09.65118
-09.42902
-09.16840
-08.87421
-08.55225
-08.18176
-07.78656
-07.36694
-06.91345
-06.43158
-05.93323
-05.39642
-04.84314
-04.28192
-03.69080
-03.09326
-02.47284
-01.85791
-01.22009
-00.58411
00.05035
00.68512
01.32355
01.96167
02.58179
03.18054
03.78082
04.36493
04.93896
05.47821
06.00128
06.50330
06.97845
07.42126
07.84149
08.22174
08.58337
08.89832
09.18396
09.43665
09.63562
09.81537
09.93866
10.00000
10.00000
10.00000
10.00000
10.00000
09.90326
09.75311
09.56818
09.34631
09.08661
08.78662
08.45764
08.09082
07.69318
07.26685
06.81458
06.32965
05.82306
05.28900
04.72778
04.16840
03.56903
02.97272
02.34528
01.73126
01.09619
00.45715
-00.17334
-00.81146
-01.44745
-02.09076
-02.70752
-03.30048
-03.90106
-04.48303
-05.05219
-05.59082
-06.11237
-06.60675
-07.08160
-07.51923
-07.94006
-08.31268
-08.67371
-08.98865
-09.27124
-09.51569
-09.71985
-09.89685
-09.99969
-09.99969
-09.99969
-09.99969
-09.99969
-09.99969
-09.97742
-09.83154
-09.64996
-09.42566
-09.17145
-08.87512
-08.54980
-08.18024
-07.78809
-07.36816
-06.91589
-06.42975
-05.93231
-05.40009
-04.84009
-04.28253
-03.68896
-03.09540
-02.47437
-01.85822
-01.22009
-00.58472
00.04761
00.68542
01.32263
01.95892
02.58301
03.17780
03.77991
04.36371
04.93591
05.47882
05.99915
06.50269
06.98120
07.42004
07.83997
08.22113
08.58032
08.89771
09.18152
09.43298
09.63837
09.81506
09.93958
10.00000
10.00000
10.00000
10.00000
10.00000
09.90356
09.75220
09.57031
09.34631
09.08508
08.78937
08.45917
08.09082
07.69073
07.26624
06.81549
06.32904
05.82520
05.28931
04.72992
04.16931
03.57086
02.97302
02.35107
01.73187
01.09589
00.45959
-00.17334
-00.81146
-01.44745
-02.08740
-02.70630
-03.30109
-03.89984
-04.48029
-05.05249
-05.59204
-06.10931
-06.60767
-07.08466
-07.52106
-07.94006
-08.31390
-08.67188
-08.98743
-09.26788
-09.51447
-09.71863
-09.89441
-09.99969
-09.99969
-09.99969
-09.99969
-09.99969
-09.99969
-09.98169
-09.83185
-09.64874
-09.43024
-09.17450
-08.87878
-08.54980
-08.18512
-07.78931
-07.36847
-06.91956
-06.43280
-05.93475
-05.39978
-04.84589
-04.28497
-03.69293
-03.09601
-02.47375
-01.86096
-01.22498
-00.58594
00.04456
00.68268
01.31989
01.95923
02.58270
03.17657
03.77777
04.36096
04.93561
05.47882
05.99915
06.49841
06.98029
07.41974
07.84058
08.22021
08.58063
08.89923
09.18274
09.43359
09.63348
09.81384
09.93713
10.00000
10.00000
10.00000
10.00000
10.00000
09.90448
09.75433
09.57123
09.34631
09.08966
08.79242
08.45947
08.09204
07.69287
07.26685
06.81549
06.32904
05.82550
05.28809
04.72961
04.16992
03.57147
02.97424
02.35199
01.73401
01.10016
00.46173
-00.17212
-00.80994
-01.44257
-02.08496
-02.70630
-03.29895
-03.89435
-04.47723
-05.04822
-05.58929
-06.10565
-06.60522
-07.08099
-07.52167
-07.93549
-08.31879
-08.67310
-08.98773
-09.26666
-09.51630
-09.71771
-09.89258
-09.99969
-09.99969
-09.99969
-09.99969
-09.99969
-09.99969
-09.97894
-09.83307
-09.64996
-09.43024
-09.17358
-08.87665
-08.55133
-08.18604
-07.78900
-07.36755
-06.91650
-06.43250
-05.93506
-05.40375
-04.84497
-04.28558
-03.68988
-03.09601
-02.47589
-01.85913
-01.22437
-00.58960
00.04364
00.67993
01.31622
01.95831
02.58087
03.17719
03.77411
04.36371
04.93469
