 107.317009476456 
 114.553851891318 
 121.6312385142 
 128.471627653903 
 135.000074225382 
 141.145050867619 
 146.839231616015 
 152.020229543199 
 156.631280286452 
 160.621863972848 
 163.948258728142 
 166.57401970501 
 168.470378382291 
 169.616557760396 
 169.999999999528 
 169.616504006643 
 168.470271463725 
 166.573860793059 
 163.948049563886 
 160.621606847946 
 156.63097801803 
 152.01988544299 
 146.838849454069 
 141.144634831003 
 134.999628872302 
 128.471157863762 
 121.630749434142 
 114.553348879831 
 107.316498044665 
 99.9994857512856 
 92.6824790921488 
 85.4456450979811 
 78.3682724069101 
 71.5279025574934 
 64.9994804234266 
 58.8545330979866 
 53.1603862245682 
 47.9794263593995 
 43.3684174481829 
 39.3778789055212 
 36.0515321110534 
 33.4258213866314 
 31.5295147028379 
 30.3833884896077 
 30.0000000042501 
 30.383549750867 
 31.5298354585362 
 33.4262981224857 
 36.0521596038215 
 39.3786502802289 
 43.3693242534479 
 47.9804586600272 
 53.1615327104041 
 58.8557812078332 
 65.0008164826675 
 71.5293119279155 
 78.3697396470839 
 85.4471541324412 
 92.6840133875205 
 100.001028497429 
 107.318032338852 
 114.554857911935 
 121.632216670813 
 128.472567229575 
 135.000964925876 
 141.145882934188 
 146.839995932322 
 152.020917735195 
 156.631884814126 
 160.622378212838 
 163.9486770463 
 166.574337518134 
 168.470592208338 
 169.616665256631 
 169.999999988194 
 169.616396487865 
 168.470057615507 
 166.573542958377 
 163.94763122502 
 160.621092588325 
 156.630373472017 
 152.019197234148 
 146.838085122594 
 141.143802751109 
 134.998738160474 
 128.47021827887 
 121.629771270523 
 114.552342854501 
 107.315475179899 
 99.9984572538555 
 92.6814562305411 
 85.444639078934 
 78.3672942526303 
 71.526962984894 
 64.9985897267097 
 58.8537010358574 
 53.1596219133161 
 47.9787381730177 
 43.3678129266206 
 39.3773646720742 
 36.0511137997972 
 33.4255035806931 
 31.5293008841821 
 30.3832810008873 
 30.0000000231395 
 30.3836572771593 
 31.5300493141453 
 33.4266159643538 
 36.0525779495903 
 39.3791645463933 
 43.3699288055738 
 47.9811468744841 
 53.1622970469351 
 58.8566132921683 
 65.0017071982738 
 71.5302515158809 
 78.370717813038 
 85.448160159343 
 92.6850362530773 
 100.00205699486 
 107.31905519967 
 114.555863929411 
 121.633194822758 
 128.473506799101 
 135.001855618815 
 141.146714991876 
 146.840760238518 
 152.021605915962 
 156.632489329576 
 160.622892439742 
 163.949095350654 
 166.574655316887 
 168.470806019603 
 169.616772737837 
 169.999999961749 
 169.616288954059 
 168.469843752507 
 166.573225109323 
 163.947212872348 
 160.620578315617 
 156.629768913779 
 152.018509014076 
 146.837320781008 
 141.142970662333 
 134.99784744109 
 128.469278687832 
 121.628793102234 
 114.551336826028 
 107.314452313552 
 99.9974287564255 
 92.6804333705131 
 85.443633063029 
 78.3663161030206 
 71.5260234184413 
 64.9976990375489 
 58.8528689826109 
 53.158857612176 
 47.9780499978663 
 43.3672084172841 
 39.3768504517144 
 36.0506955023462 
 33.4251857891268 
 31.5290870803077 
 30.3831735271957 
 30.0000000571405 
 30.3837648184803 
 31.5302631845355 
 33.4269338205937 
 36.0529963091641 
 39.3796788256444 
 43.3705333699249 
 47.9818351001707 
 53.1630613935773 
 58.8574453853852 
 65.0025979214354 
 71.5311911099923 
 78.3716959836613 
 85.4491661893862 
 92.686059120213 
 100.003085492289 
 107.320078058908 
 114.556869943745 
 121.634172970033 
 128.47444636248 
 135.002746304198 
 141.147547040681 
 146.841524534602 
 152.022294085498 
 156.633093832799 
 160.623406653558 
 163.949513641202 
 166.574973101267 
 168.471019816086 
 169.616880204014 
 169.999999920192 
 169.616181405223 
 168.469629874726 
 166.572907245897 
 163.946794505872 
 160.620064029822 
 156.629164343315 
 152.017820782775 
 146.83655642931 
 141.142138564676 
 134.996956714151 
 128.468339090647 
 121.627814929276 
 114.550330794414 
 107.313429445627 
 99.9964002589961 
 92.6794105120653 
 85.4426270502664 
 78.3653379580809 
 71.5250838581355 
 64.9968083559442 
 58.852036938247 
 53.1580933211477 
 47.9773618339452 
 43.3666039201734 
 39.3763362444418 
 36.0502772187006 
 33.4248680119326 
 31.5288732912147 
 30.3830660685329 
 30.0000001062529 
 30.3838723748299 
 31.530477069707 
 33.4272516912053 
 36.0534146825427 
 39.3801931179823 
 43.3711379465012 
 47.982523337087 
 53.1638257503307 
 58.858277487484 
 65.0034886521524 
 71.5321307102496 
 78.3726741589539 
 85.4501722225706 
 92.6870819889279 
 100.004113989718 
 107.321100916566 
